desc: I1 cache:         32768 B, 64 B, 8-way associative
desc: D1 cache:         32768 B, 64 B, 8-way associative
desc: LL cache:         8388608 B, 64 B, 16-way associative
cmd: ./bitmap
events: Ir I1mr ILmr Dr D1mr DLmr Dw D1mw DLmw 
fl=/usr/src/debug/glibc-2.33-20.fc34.x86_64/elf/../bits/stdlib-bsearch.h
fn=intel_check_word.constprop.0
27 102 0 0 0 0 0 0 ==4581== I   refs:      13,006,097
==4581== I1  misses:         1,485
==4581== LLi misses:         1,429
==4581== I1  miss rate:       0.01%
==4581== LLi miss rate:       0.01%
==4581== 
==4581== D   refs:       7,132,856  (5,073,103 rd   + 2,059,753 wr)
==4581== D1  misses:        50,335  (   23,017 rd   +    27,318 wr)
==4581== LLd misses:        24,877  (    7,419 rd   +    17,458 wr)
==4581== D1  miss rate:        0.7% (      0.5%     +       1.3%  )
==4581== LLd miss rate:        0.3% (      0.1%     +       0.8%  )
==4581== 
==4581== LL refs:           51,820  (   24,502 rd   +    27,318 wr)
==4581== LL misses:         26,306  (    8,848 rd   +    17,458 wr)
==4581== LL miss rate:         0.1% (      0.0%     +       0.8%  )
66 1 0 0 0 0 0 0 0 0
181 2 1 1 1 0 0 1 0 0
182 1 0 0 0 0 0 0 0 0
224 1 1 1 0 0 0 1 0 0
235 3 0 0 1 0 0 0 0 0
236 2 0 0 0 0 0 2 0 0
238 5 1 1 0 0 0 1 0 0
250 3 0 0 1 0 0 0 0 0
253 5 0 0 1 0 0 1 0 0
255 9 1 0 8 2 0 0 0 0
fn=_dl_sysdep_start_cleanup
259 1 1 1 0 0 0 0 0 0
260 1 0 0 1 0 0 0 0 0
fl=/usr/src/debug/glibc-2.33-20.fc34.x86_64/elf/../elf/dl-tls.c
fn=_dl_add_to_slotinfo
967 16 1 1 0 0 0 8 0 0
973 2 0 0 2 0 0 0 0 0
976 2 0 0 2 2 0 0 0 0
977 2 0 0 0 0 0 0 0 0
981 6 1 1 2 1 0 0 0 0
1022 4 0 0 0 0 0 0 0 0
1024 2 0 0 0 0 0 2 2 0
1025 10 0 0 2 0 0 2 0 0
1027 12 0 0 10 0 0 0 0 0
fn=_dl_allocate_tls_init
517 9 1 1 0 0 0 7 0 0
518 2 0 0 0 0 0 0 0 0
522 2 1 1 1 1 0 1 0 0
524 1 0 0 0 0 0 1 0 0
525 2 0 0 0 0 0 0 0 0
528 3 0 0 2 1 0 0 0 0
540 1 0 0 1 0 0 0 0 0
545 16 1 1 4 0 0 0 0 0
551 6 1 1 0 0 0 0 0 0
554 6 0 0 2 0 0 0 0 0
555 4 0 0 0 0 0 0 0 0
561 6 0 0 4 0 0 0 0 0
562 4 0 0 0 0 0 0 0 0
564 10 1 1 4 1 0 2 1 1
565 2 0 0 0 0 0 2 0 0
567 4 0 0 0 0 0 0 0 0
568 4 0 0 2 0 0 0 0 0
571 4 0 0 0 0 0 0 0 0
572 8 1 1 4 2 0 0 0 0
574 4 0 0 0 0 0 0 0 0
575 4 0 0 2 0 0 0 0 0
584 2 0 0 0 0 0 2 0 0
587 16 0 0 2 0 0 4 0 0
593 2 0 0 2 0 0 0 0 0
601 2 0 0 1 0 0 1 0 0
604 9 0 0 8 0 0 0 0 0
fn=_dl_allocate_tls_storage
365 2 0 0 1 0 0 0 0 0
366 1 0 0 0 0 0 0 0 0
367 2 0 0 0 0 0 0 0 0
370 1 0 0 0 0 0 1 1 1
376 2 0 0 0 0 0 1 0 0
412 4 1 1 0 0 0 3 0 0
414 1 0 0 1 0 0 0 0 0
425 1 0 0 1 0 0 0 0 0
426 1 0 0 0 0 0 0 0 0
427 3 0 0 0 0 0 0 0 0
435 4 0 0 0 0 0 0 0 0
436 1 1 1 0 0 0 0 0 0
440 321 0 0 0 0 0 313 39 39
459 1 1 1 0 0 0 1 1 1
465 5 0 0 4 0 0 0 0 0
fn=_dl_count_modids
187 1 1 1 0 0 0 0 0 0
192 2 0 0 1 0 0 0 0 0
193 1 0 0 1 0 0 0 0 0
208 2 0 0 1 0 0 0 0 0
fn=_dl_determine_tlsoffset
214 8 2 2 0 0 0 6 0 0
215 1 0 0 0 0 0 0 0 0
216 1 0 0 0 0 0 0 0 0
217 1 0 0 0 0 0 0 0 0
220 3 0 0 1 0 0 0 0 0
223 2 0 0 1 0 0 0 0 0
257 1 0 0 0 0 0 0 0 0
259 16 0 0 3 0 0 0 0 0
261 7 2 2 3 0 0 1 0 0
263 6 0 0 2 0 0 0 0 0
264 4 0 0 2 0 0 0 0 0
266 4 1 1 0 0 0 0 0 0
268 10 0 0 2 0 0 0 0 0
279 2 0 0 0 0 0 2 0 0
284 16 0 0 0 0 0 0 0 0
286 4 0 0 0 0 0 0 0 0
287 2 0 0 0 0 0 0 0 0
299 1 0 0 0 0 0 1 0 0
300 6 1 1 1 0 0 0 0 0
302 2 0 0 0 0 0 1 0 0
352 1 0 0 0 0 0 1 0 0
353 8 1 1 7 0 0 0 0 0
fn=_dl_next_tls_modid
127 2 1 1 0 0 0 0 0 0
130 4 0 0 2 0 0 0 0 0
143 2 0 0 2 0 0 0 0 0
166 2 0 0 0 0 0 0 0 0
178 2 0 0 0 0 0 2 0 0
182 2 0 0 2 0 0 0 0 0
fn=_dl_tls_static_surplus_init
79 3 0 0 0 0 0 0 0 0
93 6 1 1 0 0 0 3 0 0
97 6 0 0 1 0 0 1 0 0
98 6 1 1 1 0 0 1 0 0
104 2 0 0 0 0 0 0 0 0
106 4 0 0 0 0 0 0 0 0
109 1 0 0 0 0 0 0 0 0
111 1 0 0 0 0 0 1 0 0
113 3 0 0 0 0 0 1 1 0
114 5 0 0 4 0 0 0 0 0
fl=/usr/src/debug/glibc-2.33-20.fc34.x86_64/elf/../include/list.h
fn=init_tls
44 2 0 0 1 1 0 1 0 0
45 2 0 0 0 0 0 1 0 0
46 1 0 0 0 0 0 1 0 0
48 1 0 0 0 0 0 1 0 0
fl=/usr/src/debug/glibc-2.33-20.fc34.x86_64/elf/../include/rtld-malloc.h
fn=_dl_allocate_tls_storage
44 2 0 0 1 0 0 1 0 0
56 1 0 0 1 0 0 1 0 0
fn=_dl_check_map_versions
44 18 1 1 6 0 0 6 0 0
fn=_dl_important_hwcaps
56 4 0 0 2 0 0 3 0 0
fn=_dl_init_paths
56 3 0 0 2 0 0 2 0 0
fn=_dl_map_object_deps
56 12 0 0 6 0 0 6 0 0
fn=_dl_new_object
44 24 0 0 6 0 0 12 0 0
56 15 0 0 5 0 0 5 0 0
fn=do_lookup_x
44 12 1 1 3 2 0 4 0 0
fn=init_tls
44 2 0 0 1 0 0 1 0 0
fn=open_verify.constprop.0
50 10 1 1 5 0 0 5 0 0
fn=rtld_calloc
56 17 0 0 17 2 0 0 0 0
fl=/usr/src/debug/glibc-2.33-20.fc34.x86_64/elf/../include/scratch_buffer.h
fn=_dl_map_object_deps
77 3 0 0 0 0 0 2 0 0
78 1 0 0 0 0 0 1 1 1
85 3 1 1 2 0 0 0 0 0
131 15 0 0 0 0 0 5 0 0
fl=/usr/src/debug/glibc-2.33-20.fc34.x86_64/elf/../misc/sbrk.c
fn=sbrk
37 5 0 0 0 0 0 2 0 0
40 1 0 0 1 0 0 0 0 0
58 2 0 0 0 0 0 0 0 0
62 2 0 0 0 0 0 0 0 0
78 5 1 1 3 0 0 0 0 0
fl=/usr/src/debug/glibc-2.33-20.fc34.x86_64/elf/../sysdeps/generic/dl-cache.h
fn=_dl_load_cache_lookup
194 1 0 0 1 0 0 0 0 0
195 5 0 0 0 0 0 0 0 0
fn=search_cache
125 20 1 1 4 0 0 0 0 0
fl=/usr/src/debug/glibc-2.33-20.fc34.x86_64/elf/../sysdeps/generic/dl-hash.h
fn=__rtld_malloc_init_real
43 1 0 0 0 0 0 0 0 0
44 1 0 0 0 0 0 0 0 0
45 28 0 0 5 1 1 0 0 0
48 18 0 0 0 0 0 0 0 0
62 24 0 0 0 0 0 0 0 0
67 1 1 1 0 0 0 0 0 0
72 1 0 0 0 0 0 1 0 0
fl=/usr/src/debug/glibc-2.33-20.fc34.x86_64/elf/../sysdeps/generic/ldsodefs.h
fn=_dl_new_object
1275 48 0 0 0 0 0 0 0 0
fn=_dl_relocate_object
126 10206 1 1 3402 0 0 0 0 0
fn=do_lookup_x
126 6375 1 1 2125 0 0 0 0 0
fl=/usr/src/debug/glibc-2.33-20.fc34.x86_64/elf/../sysdeps/posix/dl-fileid.h
fn=_dl_map_object_from_fd
37 25 2 2 5 0 0 5 0 0
40 10 0 0 5 1 1 5 0 0
41 10 0 0 5 0 0 5 0 0
49 60 0 0 30 1 1 0 0 0
fl=/usr/src/debug/glibc-2.33-20.fc34.x86_64/elf/../sysdeps/unix/sysv/linux/brk.c
fn=brk
35 1 1 1 0 0 0 0 0 0
36 3 1 1 0 0 0 1 1 1
37 2 0 0 0 0 0 0 0 0
43 1 0 0 0 0 0 0 0 0
44 1 0 0 1 0 0 0 0 0
fl=/usr/src/debug/glibc-2.33-20.fc34.x86_64/elf/../sysdeps/unix/sysv/linux/dl-osinfo.h
fn=dl_main
64 2 0 0 1 1 0 0 0 0
fl=/usr/src/debug/glibc-2.33-20.fc34.x86_64/elf/../sysdeps/unix/sysv/linux/dl-sysdep.c
fn=_dl_discover_osversion
46 5 1 1 0 0 0 3 0 0
48 3 1 1 1 0 0 0 0 0
88 4 1 1 0 0 0 1 1 1
103 1 0 0 0 0 0 0 0 0
107 1 0 0 0 0 0 0 0 0
108 1 0 0 0 0 0 0 0 0
110 12 0 0 3 1 1 0 0 0
112 6 0 0 0 0 0 0 0 0
114 22 1 1 5 0 0 0 0 0
116 2 0 0 0 0 0 0 0 0
117 8 0 0 0 0 0 0 0 0
120 3 0 0 0 0 0 0 0 0
121 3 0 0 0 0 0 0 0 0
122 3 0 0 0 0 0 0 0 0
124 13 1 1 0 0 0 0 0 0
129 2 0 0 0 0 0 0 0 0
133 5 1 1 4 0 0 0 0 0
fn=_dl_sysdep_start
36 2 0 0 0 0 0 1 0 0
fl=/usr/src/debug/glibc-2.33-20.fc34.x86_64/elf/../sysdeps/unix/sysv/linux/dl-vdso-setup.h
fn=dl_main
30 3 1 1 0 0 0 2 0 0
33 1 1 1 0 0 0 1 0 0
36 1 0 0 0 0 0 1 0 0
39 1 0 0 0 0 0 1 0 0
45 1 1 1 0 0 0 1 0 0
fl=/usr/src/debug/glibc-2.33-20.fc34.x86_64/elf/../sysdeps/unix/sysv/linux/dl-vdso.h
fn=dl_main
40 1 0 0 1 0 0 0 0 0
41 2 0 0 0 0 0 0 0 0
55 2 0 0 0 0 0 0 0 0
fl=/usr/src/debug/glibc-2.33-20.fc34.x86_64/elf/../sysdeps/unix/sysv/linux/x86/cpu-features.c
fn=init_cpu_features.constprop.0
27 6 0 0 0 0 0 0 0 0
fl=/usr/src/debug/glibc-2.33-20.fc34.x86_64/elf/../sysdeps/x86/cpu-features.c
fn=get_common_indices.constprop.0
317 1 1 1 0 0 0 1 0 0
321 4 0 0 0 0 0 0 0 0
324 5 1 1 0 0 0 3 1 1
328 1 0 0 0 0 0 1 0 0
329 4 0 0 0 0 0 1 0 0
330 4 0 0 0 0 0 1 0 0
331 4 0 0 0 0 0 1 0 0
332 3 0 0 0 0 0 1 0 0
333 2 0 0 1 0 0 0 0 0
340 2 1 1 1 0 0 0 0 0
342 9 0 0 0 0 0 4 0 0
347 8 0 0 0 0 0 4 2 2
354 2 1 1 1 0 0 0 0 0
355 7 1 1 0 0 0 4 1 1
361 2 0 0 1 0 0 0 0 0
367 2 0 0 2 0 0 0 0 0
fn=init_cpu_features.constprop.0
295 3 0 0 0 0 0 0 0 0
296 2 0 0 0 0 0 0 0 0
297 6 0 0 0 0 0 4 0 0
302 2 1 1 0 0 0 0 0 0
303 6 0 0 0 0 0 4 0 0
308 2 0 0 0 0 0 0 0 0
309 6 1 1 0 0 0 4 0 0
382 7 1 1 0 0 0 6 0 0
385 1 0 0 0 0 0 1 0 0
386 1 0 0 0 0 0 1 0 0
387 1 0 0 0 0 0 1 0 0
398 3 0 0 0 0 0 1 0 0
401 6 1 1 0 0 0 0 0 0
402 1 0 0 0 0 0 0 0 0
405 1 0 0 0 0 0 0 0 0
407 6 2 2 0 0 0 1 1 1
412 1 0 0 0 0 0 1 0 0
414 3 0 0 1 0 0 0 0 0
416 5 1 1 2 0 0 1 0 0
417 14 3 3 0 0 0 0 0 0
472 2 0 0 1 0 0 0 0 0
486 2 0 0 1 0 0 0 0 0
496 5 1 1 0 0 0 0 0 0
500 1 0 0 1 0 0 0 0 0
510 1 0 0 1 0 0 0 0 0
511 1 0 0 0 0 0 0 0 0
521 7 1 1 1 0 0 1 0 0
626 3 1 1 1 0 0 0 0 0
627 1 0 0 1 0 0 0 0 0
630 2 0 0 0 0 0 0 0 0
631 1 0 0 1 0 0 0 0 0
637 1 0 0 0 0 0 1 0 0
638 1 0 0 0 0 0 1 0 0
639 1 1 1 0 0 0 1 0 0
640 1 0 0 0 0 0 1 0 0
645 4 1 1 0 0 0 1 0 0
654 1 0 0 0 0 0 1 0 0
655 2 0 0 1 0 0 0 0 0
659 3 1 1 1 0 0 0 0 0
676 2 1 1 0 0 0 0 0 0
677 3 0 0 1 0 0 0 0 0
679 3 0 0 0 0 0 0 0 0
680 2 1 1 1 0 0 0 0 0
682 3 0 0 0 0 0 0 0 0
683 2 0 0 0 0 0 0 0 0
686 2 0 0 0 0 0 1 0 0
701 4 0 0 0 0 0 1 0 0
703 4 1 1 0 0 0 1 0 0
713 2 0 0 1 0 0 0 0 0
758 8 0 0 7 0 0 0 0 0
fn=update_usable.constprop.0
42 7 2 2 0 0 0 6 1 1
46 1 0 0 1 0 0 0 0 0
54 3 1 1 1 0 0 0 0 0
55 3 0 0 0 0 0 0 0 0
56 1 0 0 1 0 0 0 0 0
64 4 0 0 1 0 0 1 0 0
65 1 0 0 1 0 0 0 0 0
74 4 0 0 1 0 0 1 0 0
75 1 0 0 1 0 0 0 0 0
76 3 1 1 0 0 0 1 1 1
81 4 0 0 0 0 0 1 0 0
84 4 0 0 1 0 0 1 0 0
85 1 0 0 1 0 0 0 0 0
88 4 0 0 1 0 0 1 0 0
89 2 0 0 1 0 0 1 0 0
93 4 0 0 1 0 0 1 0 0
94 3 1 1 2 0 0 0 0 0
95 3 0 0 2 0 0 0 0 0
96 2 1 1 1 0 0 1 0 0
98 4 0 0 1 0 0 1 0 0
101 2 0 0 0 0 0 0 0 0
105 2 0 0 0 0 0 0 0 0
107 4 0 0 0 0 0 0 0 0
111 2 2 2 0 0 0 0 0 0
113 1 0 0 0 0 0 0 0 0
116 2 0 0 0 0 0 0 0 0
118 2 0 0 0 0 0 1 0 0
122 1 0 0 0 0 0 0 0 0
123 1 1 1 1 0 0 0 0 0
126 4 0 0 1 0 0 1 0 0
132 4 1 1 0 0 0 1 0 0
134 4 0 0 1 0 0 1 0 0
136 3 0 0 0 0 0 1 0 0
141 4 0 0 0 0 0 0 0 0
190 3 0 0 0 0 0 0 0 0
202 3 1 1 1 0 0 1 0 0
203 1 0 0 1 0 0 0 0 0
206 4 0 0 1 0 0 1 0 0
210 2 0 0 1 0 0 0 0 0
214 3 1 1 0 0 0 0 0 0
215 2 0 0 0 0 0 0 0 0
217 1 0 0 0 0 0 0 0 0
218 1 0 0 0 0 0 0 0 0
221 2 0 0 0 0 0 1 0 0
223 1 0 0 0 0 0 1 1 1
226 2 0 0 0 0 0 0 0 0
277 3 0 0 1 0 0 0 0 0
281 3 0 0 1 0 0 0 0 0
288 1 0 0 0 0 0 1 0 0
289 8 0 0 7 0 0 0 0 0
fl=/usr/src/debug/glibc-2.33-20.fc34.x86_64/elf/../sysdeps/x86/dl-cacheinfo.h
fn=get_common_cache_info.constprop.0
481 9 1 1 0 0 0 6 0 0
496 1 0 0 1 0 0 0 0 0
497 2 0 0 1 0 0 1 0 0
498 2 1 1 1 0 0 1 0 0
499 1 0 0 1 0 0 0 0 0
505 1 0 0 0 0 0 1 0 0
507 6 1 1 3 0 0 1 0 0
510 2 0 0 0 0 0 0 0 0
521 1 0 0 0 0 0 0 0 0
526 3 0 0 1 0 0 0 0 0
530 2 0 0 0 0 0 0 0 0
535 6 1 1 0 0 0 1 0 0
538 14 0 0 0 0 0 0 0 0
544 8 0 0 0 0 0 0 0 0
545 8 1 1 0 0 0 0 0 0
548 26 1 1 0 0 0 0 0 0
553 2 0 0 0 0 0 0 0 0
557 3 0 0 0 0 0 0 0 0
558 1 0 0 0 0 0 0 0 0
562 6 0 0 0 0 0 0 0 0
566 3 0 0 0 0 0 0 0 0
569 4 0 0 0 0 0 1 0 0
570 1 0 0 0 0 0 0 0 0
575 10 0 0 0 0 0 0 0 0
581 4 0 0 0 0 0 0 0 0
589 9 0 0 1 0 0 0 0 0
591 2 0 0 0 0 0 0 0 0
593 4 0 0 0 0 0 0 0 0
595 11 0 0 0 0 0 0 0 0
597 1 1 1 0 0 0 0 0 0
598 1 0 0 0 0 0 0 0 0
599 8 0 0 0 0 0 0 0 0
601 4 1 1 0 0 0 0 0 0
604 2 0 0 0 0 0 0 0 0
609 1 0 0 0 0 0 0 0 0
611 4 0 0 0 0 0 0 0 0
612 3 0 0 0 0 0 0 0 0
613 1 0 0 0 0 0 0 0 0
616 2 0 0 0 0 0 0 0 0
619 2 1 1 0 0 0 0 0 0
623 2 0 0 1 0 0 0 0 0
626 1 1 1 0 0 0 0 0 0
628 5 0 0 0 0 0 0 0 0
629 1 0 0 0 0 0 0 0 0
634 2 0 0 0 0 0 0 0 0
639 2 1 1 0 0 0 0 0 0
640 1 0 0 0 0 0 0 0 0
641 2 0 0 0 0 0 0 0 0
642 3 0 0 0 0 0 0 0 0
643 2 0 0 1 0 0 0 0 0
681 4 1 1 0 0 0 0 0 0
682 5 0 0 0 0 0 0 0 0
686 2 0 0 1 0 0 0 0 0
693 1 0 0 0 0 0 1 0 0
694 1 0 0 0 0 0 1 0 0
695 7 0 0 7 0 0 0 0 0
fn=handle_intel.constprop.0
250 96 1 1 0 0 0 72 0 0
255 24 1 1 12 0 0 0 0 0
261 24 0 0 0 0 0 12 0 0
263 12 0 0 0 0 0 12 0 0
264 36 0 0 0 0 0 12 0 0
266 15 0 0 1 0 0 0 0 0
272 60 1 1 0 0 0 12 0 0
277 24 0 0 0 0 0 0 0 0
279 24 0 0 0 0 0 12 0 0
280 12 0 0 0 0 0 0 0 0
284 48 0 0 0 0 0 12 1 1
286 24 0 0 0 0 0 0 0 0
289 60 0 0 0 0 0 12 0 0
291 24 1 1 0 0 0 0 0 0
294 5 0 0 0 0 0 1 0 0
296 2 0 0 0 0 0 0 0 0
299 5 0 0 1 0 0 1 0 0
301 2 0 0 0 0 0 0 0 0
305 3 0 0 0 0 0 0 0 0
310 96 0 0 84 0 0 0 0 0
fn=init_cpu_features.constprop.0
706 1 0 0 0 0 0 1 0 0
708 1 0 0 0 0 0 1 0 0
722 2 0 0 0 0 0 0 0 0
724 4 2 2 0 0 0 2 0 0
725 3 0 0 0 0 0 1 0 0
726 4 0 0 0 0 0 2 0 0
729 3 0 0 0 0 0 2 0 0
731 3 1 1 0 0 0 2 0 0
732 1 0 0 0 0 0 1 1 1
734 3 0 0 0 0 0 2 0 0
736 3 0 0 0 0 0 2 0 0
739 3 0 0 0 0 0 2 0 0
741 3 1 1 0 0 0 2 0 0
744 3 0 0 0 0 0 2 0 0
746 3 0 0 0 0 0 2 0 0
748 3 1 1 0 0 0 2 0 0
750 4 0 0 0 0 0 1 0 0
840 2 1 1 1 0 0 1 0 0
841 2 0 0 1 0 0 1 0 0
842 2 0 0 1 0 0 1 0 0
843 2 0 0 1 0 0 1 0 0
844 2 0 0 1 0 0 1 0 0
845 1 1 1 0 0 0 1 1 1
846 2 1 1 1 0 0 1 0 0
847 1 0 0 0 0 0 1 0 0
848 1 0 0 0 0 0 1 0 0
849 1 0 0 0 0 0 1 0 0
850 1 0 0 0 0 0 1 0 0
851 1 0 0 0 0 0 1 1 1
863 11 0 0 5 0 0 0 0 0
871 2 0 0 1 0 0 0 0 0
872 1 0 0 1 0 0 0 0 0
879 10 2 2 0 0 0 0 0 0
901 6 1 1 1 0 0 2 0 0
903 3 0 0 1 0 0 1 0 0
906 5 1 1 1 0 0 1 0 0
908 2 0 0 0 0 0 0 0 0
911 5 0 0 1 0 0 1 0 0
913 2 0 0 0 0 0 0 0 0
916 5 0 0 1 0 0 1 0 0
918 4 1 1 1 0 0 1 0 0
923 6 0 0 1 0 0 2 0 0
926 10 1 1 1 0 0 4 0 0
927 8 1 1 0 0 0 4 0 0
928 8 1 1 0 0 0 4 0 0
930 10 1 1 1 0 0 4 0 0
932 9 0 0 1 0 0 4 0 0
936 2 1 1 1 0 0 1 0 0
937 1 0 0 0 0 0 1 0 0
938 1 0 0 0 0 0 1 0 0
939 2 0 0 0 0 0 1 0 0
940 2 0 0 1 0 0 1 0 0
fn=intel_check_word.constprop.0
110 690 0 0 345 8 8 0 0 0
113 345 0 0 0 0 0 0 0 0
119 104 0 0 0 0 0 78 0 0
123 78 1 1 0 0 0 0 0 0
125 15 0 0 0 0 0 0 0 0
129 156 0 0 0 0 0 0 0 0
131 154 0 0 0 0 0 0 0 0
133 63 0 0 0 0 0 0 0 0
135 126 0 0 0 0 0 0 0 0
143 126 1 1 0 0 0 0 0 0
152 12 0 0 0 0 0 0 0 0
155 123 0 0 0 0 0 0 0 0
158 99 1 1 0 0 0 0 0 0
162 64 0 0 0 0 0 0 0 0
164 192 0 0 0 0 0 0 0 0
165 24 0 0 0 0 0 0 0 0
166 80 0 0 0 0 0 0 0 0
167 18 0 0 0 0 0 0 0 0
168 44 0 0 0 0 0 0 0 0
169 32 1 1 0 0 0 0 0 0
170 10 0 0 0 0 0 0 0 0
172 11 1 1 0 0 0 0 0 0
174 22 0 0 0 0 0 0 0 0
176 12 1 1 0 0 0 0 0 0
177 16 0 0 0 0 0 0 0 0
178 12 1 1 0 0 0 0 0 0
179 20 0 0 0 0 0 0 0 0
180 14 0 0 0 0 0 0 0 0
181 12 0 0 0 0 0 0 0 0
183 8 0 0 0 0 0 0 0 0
184 12 0 0 0 0 0 0 0 0
187 21 0 0 0 0 0 0 0 0
194 204 0 0 0 0 0 0 0 0
202 200 1 1 50 0 0 0 0 0
216 51 0 0 0 0 0 0 0 0
246 104 0 0 104 0 0 0 0 0
fl=/usr/src/debug/glibc-2.33-20.fc34.x86_64/elf/../sysdeps/x86/dl-cet.c
fn=_dl_cet_check
252 1 1 1 0 0 0 0 0 0
253 1 0 0 0 0 0 0 0 0
fn=dl_cet_check
39 7 1 1 0 0 0 6 0 0
41 2 0 0 0 0 0 0 0 0
42 1 0 0 1 0 0 0 0 0
44 1 0 0 0 0 0 0 0 0
45 1 0 0 0 0 0 0 0 0
48 4 0 0 0 0 0 0 0 0
49 2 0 0 0 0 0 0 0 0
51 1 0 0 1 0 0 0 0 0
62 2 1 1 0 0 0 0 0 0
235 8 1 1 7 0 0 0 0 0
fl=/usr/src/debug/glibc-2.33-20.fc34.x86_64/elf/../sysdeps/x86/dl-get-cpu-features.c
fn=__x86_cpu_features
38 3 0 0 1 0 0 0 0 0
42 3 1 1 1 0 0 0 0 0
fn=_dl_x86_init_cpu_features
36 1 1 1 0 0 0 0 0 0
38 3 0 0 1 0 0 0 0 0
39 1 0 0 0 0 0 0 0 0
fl=/usr/src/debug/glibc-2.33-20.fc34.x86_64/elf/../sysdeps/x86/dl-hwcap.h
fn=_dl_important_hwcaps
57 7 1 1 1 0 0 1 0 0
fl=/usr/src/debug/glibc-2.33-20.fc34.x86_64/elf/../sysdeps/x86/dl-procinfo.h
fn=search_cache
39 8 0 0 0 0 0 0 0 0
42 28 1 1 0 0 0 8 1 1
fl=/usr/src/debug/glibc-2.33-20.fc34.x86_64/elf/../sysdeps/x86/dl-prop.h
fn=_dl_map_object_from_fd
95 40 0 0 20 0 0 0 0 0
100 5 0 0 0 0 0 0 0 0
101 5 0 0 0 0 0 5 0 0
102 5 0 0 0 0 0 0 0 0
104 45 1 1 0 0 0 5 0 0
107 15 0 0 5 0 0 0 0 0
108 10 0 0 5 0 0 0 0 0
109 10 1 1 5 0 0 0 0 0
113 15 0 0 5 0 0 0 0 0
117 15 0 0 0 0 0 5 0 0
120 15 0 0 5 0 0 0 0 0
121 10 0 0 0 0 0 0 0 0
125 5 0 0 0 0 0 0 0 0
126 15 1 1 0 0 0 0 0 0
130 18 1 1 7 0 0 0 0 0
131 7 0 0 7 0 0 0 0 0
134 14 0 0 0 0 0 0 0 0
137 7 0 0 0 0 0 0 0 0
138 28 0 0 0 0 0 0 0 0
143 28 0 0 0 0 0 0 0 0
149 14 0 0 0 0 0 0 0 0
158 14 0 0 0 0 0 0 0 0
159 12 0 0 7 3 3 0 0 0
162 4 0 0 0 0 0 2 0 0
169 6 1 1 0 0 0 0 0 0
177 15 0 0 0 0 0 0 0 0
179 20 0 0 0 0 0 0 0 0
184 5 0 0 0 0 0 0 0 0
185 20 0 0 0 0 0 0 0 0
190 25 2 2 10 0 0 0 0 0
192 20 0 0 5 0 0 5 0 0
193 5 0 0 0 0 0 5 0 0
194 10 0 0 0 0 0 5 0 0
203 25 1 1 20 0 0 0 0 0
204 10 0 0 10 0 0 0 0 0
fn=dl_main
36 2 0 0 2 0 0 0 0 0
37 24 0 0 0 0 0 0 0 0
40 17 0 0 9 0 0 0 0 0
49 47 1 1 13 1 0 0 0 0
53 31 0 0 7 1 0 0 0 0
71 4 1 1 1 0 0 1 0 0
95 8 0 0 4 0 0 0 0 0
100 1 0 0 0 0 0 0 0 0
101 1 1 1 0 0 0 1 0 0
102 1 0 0 0 0 0 0 0 0
104 12 1 1 1 0 0 2 0 0
107 3 0 0 1 0 0 0 0 0
108 2 1 1 1 0 0 0 0 0
109 2 0 0 1 0 0 0 0 0
113 3 0 0 1 0 0 0 0 0
117 3 0 0 0 0 0 1 0 0
120 3 0 0 1 0 0 0 0 0
121 2 0 0 0 0 0 0 0 0
125 1 1 1 0 0 0 0 0 0
126 3 0 0 0 0 0 0 0 0
130 4 1 1 1 0 0 0 0 0
131 1 0 0 1 0 0 0 0 0
134 2 0 0 0 0 0 0 0 0
137 1 0 0 0 0 0 0 0 0
138 4 0 0 0 0 0 0 0 0
143 4 0 0 0 0 0 0 0 0
149 2 0 0 0 0 0 0 0 0
158 2 0 0 0 0 0 0 0 0
159 1 0 0 1 0 0 0 0 0
162 2 1 1 0 0 0 1 0 0
184 1 0 0 0 0 0 0 0 0
185 4 0 0 0 0 0 0 0 0
190 5 1 1 2 0 0 0 0 0
192 4 1 1 1 0 0 1 0 0
193 1 0 0 0 0 0 1 0 0
194 2 0 0 0 0 0 1 0 0
203 5 0 0 4 0 0 0 0 0
204 2 0 0 2 0 0 0 0 0
fl=/usr/src/debug/glibc-2.33-20.fc34.x86_64/elf/../sysdeps/x86/get-isa-level.h
fn=_dl_hwcaps_subdirs_active
30 2 0 0 0 0 0 0 0 0
31 3 0 0 1 0 0 0 0 0
32 3 0 0 1 0 0 0 0 0
36 3 0 0 0 0 0 0 0 0
39 4 1 1 1 0 0 0 0 0
40 4 0 0 1 0 0 0 0 0
45 4 0 0 0 0 0 0 0 0
48 2 0 0 0 0 0 0 0 0
49 3 1 1 1 0 0 0 0 0
51 4 0 0 0 0 0 0 0 0
52 2 0 0 0 0 0 0 0 0
53 2 0 0 0 0 0 0 0 0
56 2 0 0 0 0 0 0 0 0
59 2 0 0 0 0 0 0 0 0
fn=update_usable.constprop.0
28 1 0 0 0 0 0 0 0 0
30 2 0 0 0 0 0 0 0 0
31 2 1 1 0 0 0 0 0 0
32 3 0 0 0 0 0 0 0 0
36 3 0 0 0 0 0 0 0 0
38 1 0 0 0 0 0 0 0 0
39 3 1 1 1 0 0 0 0 0
40 4 0 0 1 0 0 0 0 0
45 4 0 0 0 0 0 0 0 0
47 1 1 1 0 0 0 0 0 0
48 2 0 0 0 0 0 0 0 0
49 3 0 0 1 0 0 0 0 0
51 4 0 0 0 0 0 0 0 0
52 2 0 0 0 0 0 0 0 0
53 2 1 1 0 0 0 0 0 0
55 1 0 0 0 0 0 0 0 0
56 2 0 0 0 0 0 0 0 0
59 2 0 0 0 0 0 0 0 0
fl=/usr/src/debug/glibc-2.33-20.fc34.x86_64/elf/../sysdeps/x86_64/dl-hwcaps-subdirs.c
fn=_dl_hwcaps_subdirs_active
29 1 1 1 0 0 0 0 0 0
38 3 0 0 0 0 0 0 0 0
43 1 0 0 0 0 0 0 0 0
48 1 0 0 0 0 0 0 0 0
52 1 0 0 1 0 0 0 0 0
fl=/usr/src/debug/glibc-2.33-20.fc34.x86_64/elf/../sysdeps/x86_64/dl-irel.h
fn=_dl_fixup
32 2 0 0 0 0 0 1 0 0
fl=/usr/src/debug/glibc-2.33-20.fc34.x86_64/elf/../sysdeps/x86_64/dl-machine.h
fn=_dl_fixup
241 21 0 0 0 0 0 21 0 0
fn=_dl_relocate_object
75 28 0 0 7 0 0 0 0 0
81 8 0 0 8 3 0 0 0 0
85 12 0 0 4 4 3 0 0 0
91 4 0 0 0 0 0 4 0 0
99 12 0 0 4 0 0 0 0 0
119 8 0 0 4 2 0 0 0 0
121 8 0 0 0 0 0 4 0 0
123 16 1 1 4 2 0 0 0 0
130 16 0 0 4 4 0 0 0 0
275 6838 0 0 0 0 0 0 0 0
296 6838 0 0 0 0 0 0 0 0
300 6838 0 0 0 0 0 0 0 0
307 125668 7 7 29317 1779 1329 18241 3 0
308 27670 5 5 10374 0 0 0 0 0
311 13699 0 0 3383 0 0 0 0 0
312 116 0 0 0 0 0 0 0 0
313 6800 1 1 2 0 0 0 0 0
316 4 0 0 0 0 0 0 0 0
317 6 0 0 2 0 0 0 0 0
328 7 1 1 0 0 0 4 0 0
335 8 0 0 4 0 0 2 0 0
338 20514 1 1 3419 8 3 0 0 0
372 6 1 1 0 0 0 0 0 0
373 9 0 0 3 3 0 3 2 0
380 6 1 1 2 0 0 0 0 0
382 4 0 0 4 1 1 0 0 0
391 4 0 0 0 0 0 2 0 0
434 51 1 1 17 0 0 0 0 0
438 68 0 0 17 1 0 0 0 0
443 51 0 0 34 2 2 0 0 0
452 34 0 0 0 0 0 17 9 9
462 6800 0 0 3403 422 422 3397 1181 437
463 3397 0 0 0 0 0 0 0 0
486 21 0 0 0 0 0 7 0 0
496 18 0 0 0 0 0 12 0 0
519 116 0 0 116 0 0 0 0 0
520 174 1 1 58 0 0 0 0 0
521 58 0 0 0 0 0 58 0 0
522 58 1 1 0 0 0 58 3 1
526 58 0 0 0 0 0 0 0 0
541 6327 0 0 2109 262 262 0 0 0
542 2109 0 0 0 0 0 2109 473 468
546 4218 0 0 0 0 0 0 0 0
547 4218 0 0 2109 265 265 0 0 0
557 2204 0 0 1102 0 0 0 0 0
561 2204 0 0 0 0 0 0 0 0
564 3306 0 0 1102 0 0 0 0 0
565 1102 0 0 1102 139 136 0 0 0
fn=_dl_start
58 3 0 0 1 1 1 0 0 0
75 1 1 1 1 0 0 0 0 0
300 18 0 0 0 0 0 0 0 0
308 60 0 0 24 6 6 0 0 0
311 12 0 0 0 0 0 0 0 0
338 40 0 0 0 0 0 0 0 0
358 10 1 1 5 0 0 5 1 1
359 5 0 0 0 0 0 0 0 0
426 1 0 0 0 0 0 0 0 0
546 16 0 0 8 1 1 0 0 0
547 24 0 0 8 1 1 8 2 2
fn=_dl_sysdep_start
227 1 0 0 0 0 0 1 0 0
fl=/usr/src/debug/glibc-2.33-20.fc34.x86_64/elf/../sysdeps/x86_64/dl-runtime.h
fn=_dl_fixup
28 21 0 0 0 0 0 0 0 0
fl=/usr/src/debug/glibc-2.33-20.fc34.x86_64/elf/../sysdeps/x86_64/dl-trampoline.h
fn=_dl_runtime_resolve_xsave
67 21 1 1 0 0 0 0 0 0
72 21 0 0 0 0 0 21 0 0
75 21 0 0 0 0 0 0 0 0
77 21 0 0 0 0 0 0 0 0
87 21 1 1 21 2 0 0 0 0
93 21 0 0 0 0 0 21 2 0
94 21 0 0 0 0 0 21 0 0
95 21 0 0 0 0 0 21 0 0
96 21 0 0 0 0 0 21 0 0
97 21 0 0 0 0 0 21 0 0
98 21 0 0 0 0 0 21 0 0
99 21 0 0 0 0 0 21 0 0
103 21 0 0 0 0 0 0 0 0
104 21 0 0 0 0 0 0 0 0
107 21 0 0 0 0 0 21 3 0
108 21 0 0 0 0 0 21 0 0
110 21 1 1 0 0 0 21 0 0
111 21 0 0 0 0 0 21 0 0
112 21 0 0 0 0 0 21 0 0
113 21 0 0 0 0 0 21 0 0
114 21 0 0 0 0 0 21 0 0
115 21 0 0 0 0 0 21 0 0
117 21 0 0 21 0 0 693 18 2
124 21 0 0 21 0 0 0 0 0
125 21 0 0 21 0 0 0 0 0
126 21 0 0 0 0 0 21 2 0
127 21 1 1 0 0 0 0 0 0
132 21 0 0 0 0 0 0 0 0
133 21 0 0 0 0 0 0 0 0
134 21 0 0 756 0 0 0 0 0
136 21 0 0 21 0 0 0 0 0
137 21 0 0 21 0 0 0 0 0
138 21 0 0 21 0 0 0 0 0
139 21 0 0 21 0 0 0 0 0
140 21 0 0 21 0 0 0 0 0
141 21 0 0 21 0 0 0 0 0
142 21 0 0 21 0 0 0 0 0
144 21 0 0 0 0 0 0 0 0
146 21 0 0 21 0 0 0 0 0
150 21 0 0 0 0 0 0 0 0
153 21 0 0 0 0 0 0 0 0
fl=/usr/src/debug/glibc-2.33-20.fc34.x86_64/elf/./dl-hwcaps.h
fn=_dl_important_hwcaps
54 7 1 1 1 0 0 4 0 0
56 6 0 0 2 0 0 4 0 0
57 1 1 1 0 0 0 0 0 0
88 5 0 0 2 0 0 3 0 0
89 5 1 1 2 0 0 3 0 0
90 3 0 0 0 0 0 0 0 0
fn=copy_hwcaps
54 2 0 0 0 0 0 2 1 1
56 4 0 0 0 0 0 2 0 0
88 2 0 0 0 0 0 2 0 0
89 2 0 0 0 0 0 2 0 0
90 2 0 0 0 0 0 0 0 0
fl=/usr/src/debug/glibc-2.33-20.fc34.x86_64/elf/./dl-load.h
fn=_dl_map_object_from_fd
90 40 0 0 0 0 0 0 0 0
91 15 0 0 10 0 0 5 0 0
93 40 0 0 20 1 1 0 0 0
94 16 1 1 8 0 0 0 0 0
95 24 1 1 8 0 0 0 0 0
96 16 0 0 4 0 0 0 0 0
98 16 0 0 0 0 0 4 0 0
fl=/usr/src/debug/glibc-2.33-20.fc34.x86_64/elf/./dl-main.h
fn=dl_main
109 5 1 1 4 0 0 1 0 0
fl=/usr/src/debug/glibc-2.33-20.fc34.x86_64/elf/./dl-map-segments.h
fn=_dl_map_object_from_fd
50 10 1 1 5 0 0 0 0 0
56 35 1 1 10 0 0 15 0 0
57 10 0 0 5 0 0 0 0 0
60 15 0 0 5 0 0 0 0 0
63 15 0 0 5 0 0 5 0 0
64 10 0 0 0 0 0 5 0 0
66 10 1 1 5 0 0 0 0 0
73 42 0 0 15 0 0 6 0 0
80 5 1 1 5 0 0 0 0 0
82 5 0 0 5 0 0 0 0 0
90 104 1 1 22 0 0 0 0 0
92 60 0 0 30 0 0 0 0 0
94 165 1 1 60 0 0 30 0 0
95 15 0 0 15 0 0 0 0 0
104 80 1 1 40 0 0 0 0 0
110 5 0 0 5 0 0 0 0 0
111 10 0 0 5 0 0 0 0 0
112 25 0 0 5 0 0 0 0 0
113 10 0 0 0 0 0 0 0 0
120 10 0 0 0 0 0 0 0 0
123 10 0 0 0 0 0 0 0 0
131 35 0 0 0 0 0 15 0 0
132 10 0 0 10 0 0 0 0 0
137 10 0 0 0 0 0 0 0 0
141 16 0 0 0 0 0 2 0 0
144 4 0 0 0 0 0 0 0 0
149 20 1 1 0 0 0 0 0 0
fl=/usr/src/debug/glibc-2.33-20.fc34.x86_64/elf/./dl-sym-post.h
fn=lookup_malloc_symbol
41 8 0 0 0 0 0 0 0 0
53 12 0 0 4 0 0 0 0 0
fl=/usr/src/debug/glibc-2.33-20.fc34.x86_64/elf/./dl-tunable-types.h
fn=do_tunable_update_val
90 10 0 0 0 0 0 0 0 0
fl=/usr/src/debug/glibc-2.33-20.fc34.x86_64/elf/./setup-vdso.h
fn=dl_main
24 2 1 1 1 0 0 0 0 0
fl=/usr/src/debug/glibc-2.33-20.fc34.x86_64/elf/dl-cache.c
fn=_dl_cache_libcmp
364 82 1 1 0 0 0 0 0 0
365 675 0 0 225 0 0 0 0 0
367 663 0 0 0 0 0 0 0 0
369 450 0 0 221 38 38 0 0 0
375 12 1 1 0 0 0 0 0 0
376 12 0 0 0 0 0 0 0 0
377 16 0 0 4 0 0 0 0 0
379 16 0 0 4 0 0 0 0 0
381 8 0 0 0 0 0 0 0 0
387 434 1 1 0 0 0 0 0 0
389 434 0 0 0 0 0 0 0 0
390 111 1 1 37 0 0 0 0 0
393 180 0 0 0 0 0 0 0 0
394 180 0 0 0 0 0 0 0 0
397 12 0 0 8 0 0 0 0 0
fn=_dl_load_cache_lookup
410 24 2 2 0 0 0 8 0 0
412 8 0 0 4 0 0 0 0 0
415 12 0 0 4 0 0 0 0 0
418 6 1 1 0 0 0 2 1 1
426 6 0 0 2 0 0 0 0 0
427 8 1 1 3 1 1 0 0 0
430 7 1 1 0 0 0 0 0 0
431 1 0 0 1 0 0 0 0 0
438 1 1 1 0 0 0 1 0 0
439 2 0 0 0 0 0 1 0 0
484 9 0 0 3 0 0 0 0 0
489 12 0 0 4 0 0 0 0 0
492 24 1 1 4 0 0 4 0 0
507 8 0 0 4 0 0 0 0 0
511 8 0 0 0 0 0 0 0 0
519 72 2 2 4 0 0 4 0 0
520 16 1 1 0 0 0 4 0 0
521 4 0 0 0 0 0 4 0 0
522 12 0 0 12 0 0 0 0 0
fn=_dl_unload_cache
531 2 1 1 0 0 0 0 0 0
532 4 0 0 1 1 0 0 0 0
534 2 0 0 1 0 0 1 0 0
535 1 0 0 0 0 0 1 0 0
539 1 1 0 0 0 0 1 0 0
541 2 0 0 1 0 0 0 0 0
fn=search_cache
191 74 0 0 0 0 0 0 0 0
203 52 1 1 0 0 0 36 0 0
205 4 0 0 4 0 0 0 0 0
208 28 1 1 4 0 0 12 0 0
210 52 1 1 20 0 0 16 0 0
211 12 0 0 0 0 0 0 0 0
213 12 0 0 4 0 0 0 0 0
220 74 0 0 0 0 0 0 0 0
222 74 0 0 0 0 0 0 0 0
223 78 1 1 41 30 30 0 0 0
227 74 0 0 37 0 0 0 0 0
231 111 0 0 0 0 0 37 0 0
232 74 1 1 0 0 0 0 0 0
240 16 1 1 0 0 0 0 0 0
242 8 0 0 4 1 1 0 0 0
245 8 0 0 0 0 0 0 0 0
247 24 0 0 0 0 0 4 0 0
249 4 0 0 0 0 0 0 0 0
259 8 0 0 0 0 0 0 0 0
269 8 1 1 4 0 0 0 0 0
270 12 0 0 8 0 0 0 0 0
272 8 0 0 4 0 0 0 0 0
279 8 1 1 4 0 0 0 0 0
288 8 0 0 0 0 0 0 0 0
300 8 0 0 4 0 0 0 0 0
302 12 0 0 4 0 0 0 0 0
303 8 2 2 4 0 0 0 0 0
306 16 0 0 0 0 0 0 0 0
307 16 0 0 0 0 0 0 0 0
315 8 0 0 0 0 0 0 0 0
336 8 0 0 4 0 0 4 0 0
339 12 0 0 4 0 0 0 0 0
353 33 0 0 0 0 0 0 0 0
354 19 0 0 0 0 0 0 0 0
356 14 0 0 0 0 0 0 0 0
360 80 1 1 40 0 0 8 0 0
fl=/usr/src/debug/glibc-2.33-20.fc34.x86_64/elf/dl-call-libc-early-init.c
fn=_dl_call_libc_early_init
27 4 1 1 0 0 0 2 0 0
29 2 0 0 0 0 0 0 0 0
33 7 1 1 0 0 0 1 0 0
37 2 0 0 0 0 0 0 0 0
39 4 0 0 3 0 0 0 0 0
40 2 0 0 0 0 0 0 0 0
41 3 0 0 2 0 0 0 0 0
fl=/usr/src/debug/glibc-2.33-20.fc34.x86_64/elf/dl-debug.c
fn=_dl_debug_initialize
46 7 2 1 0 0 0 0 0 0
49 14 0 0 0 0 0 0 0 0
50 7 2 1 7 0 0 0 0 0
54 26 1 0 7 2 1 0 0 0
57 1 0 0 0 0 0 1 0 0
58 9 0 0 6 0 0 1 0 0
59 5 1 1 1 0 0 1 0 0
60 2 0 0 0 0 0 1 0 0
64 1 0 0 1 0 0 0 0 0
fn=_dl_debug_state
73 2 0 0 0 0 0 0 0 0
74 2 0 0 2 0 0 0 0 0
fl=/usr/src/debug/glibc-2.33-20.fc34.x86_64/elf/dl-deps.c
fn=_dl_map_object_deps
144 6 1 1 0 0 0 3 0 0
145 3 0 0 1 0 0 2 1 1
146 7 1 1 0 0 0 2 0 0
148 3 0 0 0 0 0 1 0 0
152 9 1 1 2 0 0 3 1 1
159 14 2 2 0 0 0 9 1 1
160 20 2 2 1 1 1 0 0 0
176 7 0 0 0 0 0 0 0 0
177 1 0 0 1 0 0 0 0 0
180 2 0 0 1 0 0 1 0 0
198 2 1 1 1 0 0 1 0 0
199 3 0 0 1 0 0 0 0 0
200 2 0 0 0 0 0 2 0 0
204 19 0 0 13 0 0 0 0 0
206 7 0 0 0 0 0 0 0 0
209 14 0 0 7 0 0 7 0 0
213 28 0 0 7 3 0 7 0 0
214 46 2 2 20 2 1 0 0 0
217 15 0 0 0 0 0 0 0 0
221 15 0 0 5 0 0 5 0 0
224 22 1 1 11 1 0 0 0 0
226 15 1 1 10 0 0 5 0 0
231 5 0 0 0 0 0 5 0 0
232 5 1 1 0 0 0 5 0 0
233 10 0 0 5 0 0 5 0 0
234 10 0 0 5 0 0 5 0 0
237 574 1 1 151 8 0 5 0 0
238 277 0 0 0 0 0 0 0 0
244 108 1 1 24 0 0 12 0 0
246 12 0 0 0 0 0 12 0 0
248 48 1 1 0 0 0 12 0 0
249 24 0 0 12 0 0 0 0 0
258 12 1 1 12 0 0 0 0 0
260 24 0 0 12 0 0 0 0 0
265 35 0 0 5 0 0 0 0 0
268 5 0 0 0 0 0 5 0 0
269 5 0 0 0 0 0 5 0 0
270 5 0 0 0 0 0 5 0 0
271 10 0 0 5 0 0 5 0 0
273 5 1 1 5 0 0 0 0 0
275 25 0 0 5 0 0 10 0 0
279 36 1 1 12 0 0 0 0 0
280 24 0 0 0 0 0 8 1 1
282 372 0 0 0 0 0 0 0 0
298 1 0 0 0 0 0 1 0 0
380 12 1 1 0 0 0 6 0 0
433 21 0 0 7 0 0 0 0 0
435 15 0 0 0 0 0 5 0 0
438 10 1 1 0 0 0 0 0 0
439 10 0 0 0 0 0 0 0 0
445 5 0 0 0 0 0 5 1 1
446 25 0 0 5 0 0 5 0 0
447 25 0 0 0 0 0 5 0 0
450 5 0 0 0 0 0 5 0 0
451 5 0 0 5 0 0 0 0 0
455 28 1 1 14 0 0 0 0 0
457 7 0 0 7 0 0 0 0 0
458 32 0 0 6 0 0 0 0 0
464 6 0 0 2 0 0 0 0 0
465 1 1 1 0 0 0 1 0 0
468 5 0 0 2 0 0 1 0 0
479 3 1 1 1 0 0 0 0 0
481 2 0 0 0 0 0 0 0 0
486 5 0 0 2 0 0 1 0 0
487 1 1 1 0 0 0 1 0 0
488 2 0 0 1 0 0 0 0 0
490 23 0 0 7 0 0 0 0 0
492 21 0 0 7 0 0 0 0 0
497 14 0 0 0 0 0 0 0 0
499 21 0 0 0 0 0 7 1 1
504 7 0 0 7 0 0 0 0 0
507 3 1 1 1 0 0 1 0 0
559 4 0 0 2 0 0 0 0 0
596 3 1 1 1 0 0 0 0 0
597 2 0 0 0 0 0 0 0 0
600 2 0 0 2 0 0 0 0 0
611 5 1 1 0 0 0 1 0 0
616 7 2 2 3 0 0 0 0 0
619 5 0 0 0 0 0 1 0 0
622 1 0 0 0 0 0 1 0 0
624 2 0 0 1 0 0 1 0 0
625 1 0 0 1 0 0 0 0 0
626 2 0 0 0 0 0 0 0 0
633 3 1 1 1 0 0 0 0 0
636 2 0 0 0 0 0 0 0 0
639 8 0 0 7 1 0 0 0 0
fn=openaux
61 36 1 1 0 0 0 12 0 0
64 132 0 0 48 0 0 24 0 0
65 12 0 0 12 0 0 0 0 0
68 12 0 0 12 0 0 0 0 0
69 24 0 0 24 0 0 0 0 0
fl=/usr/src/debug/glibc-2.33-20.fc34.x86_64/elf/dl-environ.c
fn=_dl_next_ld_env_entry
28 2 1 1 0 0 0 0 0 0
29 2 0 0 2 0 0 0 0 0
32 145 0 0 48 0 0 0 0 0
34 94 1 1 47 0 0 0 0 0
35 12 0 0 6 0 0 0 0 0
37 1 0 0 0 0 0 0 0 0
40 2 0 0 0 0 0 1 0 0
42 1 0 0 1 0 0 0 0 0
45 46 0 0 0 0 0 0 0 0
49 1 0 0 1 0 0 0 0 0
fl=/usr/src/debug/glibc-2.33-20.fc34.x86_64/elf/dl-error-skeleton.c
fn=_dl_catch_error
225 10 1 1 0 0 0 3 0 0
227 2 0 0 0 0 0 1 0 0
228 2 0 0 1 0 0 1 0 0
229 2 0 0 1 0 0 1 0 0
230 2 0 0 1 0 0 1 0 0
232 5 1 1 4 0 0 0 0 0
fn=_dl_catch_exception
175 78 1 1 0 0 0 52 4 4
178 26 0 0 0 0 0 0 0 0
180 26 0 0 13 0 0 13 0 0
199 26 0 0 13 0 0 13 0 0
200 26 0 0 0 0 0 13 0 0
203 26 0 0 0 0 0 13 0 0
206 91 1 1 0 0 0 13 0 0
208 39 0 0 26 0 0 13 0 0
209 26 0 0 13 0 0 13 0 0
210 52 1 1 13 0 0 26 0 0
219 52 0 0 26 0 0 0 0 0
fn=_dl_receive_error
238 6 0 0 0 0 0 2 0 0
239 1 0 0 1 0 0 0 0 0
240 1 0 0 1 0 0 0 0 0
243 1 1 1 0 0 0 1 0 0
244 1 0 0 0 0 0 1 0 0
246 1 0 0 0 0 0 1 0 0
248 1 0 0 0 0 0 1 0 0
249 1 0 0 0 0 0 1 0 0
250 4 0 0 3 0 0 0 0 0
fl=/usr/src/debug/glibc-2.33-20.fc34.x86_64/elf/dl-fini.c
fn=_dl_fini
31 9 2 2 0 0 0 6 0 0
48 7 0 0 0 0 0 1 0 0
51 7 0 0 1 1 0 0 0 0
54 2 1 1 1 1 0 1 0 0
56 1 0 0 1 1 0 0 0 0
59 2 0 0 0 0 0 0 0 0
61 6 1 1 3 1 0 0 0 0
66 1 0 0 0 0 0 1 0 0
69 16 1 1 1 0 0 0 0 0
74 23 0 0 7 1 0 0 0 0
76 14 0 0 7 7 0 0 0 0
78 14 0 0 0 0 0 0 0 0
80 14 1 1 0 0 0 7 0 0
81 7 0 0 0 0 0 7 7 0
82 7 0 0 0 0 0 0 0 0
86 7 0 0 7 6 0 0 0 0
88 6 0 0 0 0 0 0 0 0
89 6 1 1 0 0 0 0 0 0
95 8 0 0 0 0 0 1 0 0
105 2 0 0 1 0 0 1 0 0
110 28 2 2 10 0 0 0 0 0
112 7 0 0 7 0 0 0 0 0
114 21 0 0 7 0 0 0 0 0
117 14 0 0 0 0 0 7 0 0
120 21 1 1 7 7 0 0 0 0
121 6 0 0 2 2 0 0 0 0
124 10 0 0 5 1 0 0 0 0
127 5 0 0 0 0 0 3 0 0
135 10 0 0 10 4 0 0 0 0
136 5 0 0 5 1 0 0 0 0
137 10 0 0 5 1 0 0 0 0
138 45 1 1 0 0 0 0 0 0
139 5 0 0 5 5 0 5 0 0
143 15 0 0 5 4 0 0 0 0
144 15 0 0 10 2 0 5 0 0
150 42 0 0 14 1 0 0 0 0
169 7 0 0 7 0 0 0 0 0
175 6 1 1 2 0 0 0 0 0
181 2 0 0 1 0 0 0 0 0
188 8 0 0 7 0 0 0 0 0
fl=/usr/src/debug/glibc-2.33-20.fc34.x86_64/elf/dl-hwcaps.c
fn=_dl_important_hwcaps
52 16 1 1 0 0 0 4 0 0
54 2 0 0 0 0 0 0 0 0
55 8 0 0 2 0 0 0 0 0
100 6 1 1 0 0 0 4 0 0
102 2 0 0 0 0 0 0 0 0
105 2 0 0 1 0 0 1 0 0
108 2 0 0 1 0 0 0 0 0
112 4 0 0 0 0 0 1 0 0
125 12 1 1 0 0 0 3 0 0
127 12 0 0 5 0 0 3 0 0
128 4 0 0 2 0 0 2 0 0
129 4 0 0 0 0 0 2 0 0
130 2 0 0 0 0 0 0 0 0
133 2 0 0 1 0 0 0 0 0
142 15 1 1 6 0 0 2 0 0
143 3 0 0 0 0 0 0 0 0
151 2 0 0 2 0 0 0 0 0
155 7 1 1 2 0 0 1 0 0
156 2 0 0 0 0 0 0 0 0
157 4 0 0 0 0 0 0 0 0
161 1 0 0 1 0 0 0 0 0
162 2 0 0 1 0 0 1 0 0
163 3 0 0 0 0 0 3 0 0
172 14 2 2 0 0 0 10 1 1
173 7 0 0 1 0 0 2 0 0
175 2 0 0 1 0 0 1 0 0
176 4 0 0 1 0 0 1 0 0
184 2 0 0 0 0 0 2 0 0
185 3 1 1 0 0 0 0 0 0
195 3 0 0 1 0 0 1 0 0
196 6 1 1 2 0 0 1 0 0
200 19 1 1 3 0 0 0 0 0
201 6 0 0 0 0 0 0 0 0
202 4 0 0 0 0 0 0 0 0
205 1 0 0 0 0 0 0 0 0
208 22 3 3 2 0 0 4 0 0
209 2 1 1 0 0 0 1 0 0
210 7 1 1 1 0 0 0 0 0
211 4 0 0 2 0 0 2 1 1
213 1 0 0 0 0 0 1 0 0
214 2 0 0 0 0 0 2 0 0
215 6 0 0 0 0 0 0 0 0
216 2 0 0 1 0 0 0 0 0
218 3 0 0 1 0 0 0 0 0
220 2 0 0 0 0 0 1 0 0
221 2 0 0 1 0 0 1 0 0
222 3 0 0 1 0 0 0 0 0
225 5 1 1 1 0 0 1 0 0
226 1 0 0 0 0 0 1 0 0
229 2 0 0 1 0 0 0 0 0
232 2 0 0 0 0 0 0 0 0
233 3 0 0 3 0 0 0 0 0
236 3 0 0 1 0 0 1 0 0
237 2 1 1 0 0 0 0 0 0
239 3 1 1 1 0 0 0 0 0
240 4 0 0 0 0 0 0 0 0
241 4 1 1 1 0 0 0 0 0
242 2 0 0 0 0 0 0 0 0
249 4 0 0 1 0 0 0 0 0
253 11 0 0 3 0 0 3 1 1
259 2 1 1 0 0 0 0 0 0
260 2 0 0 0 0 0 0 0 0
267 1 0 0 0 0 0 1 0 0
268 4 0 0 1 0 0 1 0 0
269 6 1 1 2 0 0 1 0 0
270 5 0 0 2 0 0 1 0 0
273 2 0 0 1 0 0 1 0 0
274 1 0 0 1 0 0 0 0 0
281 2 0 0 0 0 0 0 0 0
287 3 0 0 2 0 0 1 0 0
292 2 0 0 1 0 0 1 0 0
305 3 1 1 1 0 0 2 0 0
308 6 1 1 2 0 0 1 0 0
315 1 0 0 1 0 0 0 0 0
318 2 0 0 0 0 0 0 0 0
321 15 0 0 8 0 0 5 0 0
324 14 1 1 3 0 0 1 0 0
325 16 1 1 0 0 0 1 0 0
326 5 0 0 2 0 0 2 0 0
329 10 0 0 2 0 0 4 0 0
331 5 1 1 1 0 0 0 0 0
336 32 0 0 2 0 0 0 0 0
337 8 0 0 0 0 0 8 1 1
341 19 1 1 3 0 0 0 0 0
344 60 0 0 0 0 0 0 0 0
345 72 1 1 0 0 0 0 0 0
346 48 0 0 24 0 0 12 0 0
348 9 0 0 0 0 0 0 0 0
351 3 0 0 1 0 0 0 0 0
352 3 0 0 1 0 0 0 0 0
353 14 1 1 2 0 0 1 0 0
355 6 1 1 0 0 0 0 0 0
356 2 0 0 2 0 0 0 0 0
358 1 0 0 1 0 0 0 0 0
359 7 0 0 0 0 0 2 0 0
366 22 1 1 6 0 0 5 0 0
367 4 0 0 0 0 0 0 0 0
369 8 0 0 0 0 0 0 0 0
372 5 0 0 3 0 0 0 0 0
378 9 0 0 8 0 0 0 0 0
fn=copy_hwcaps
74 10 2 2 0 0 0 6 0 0
77 16 1 1 0 0 0 4 0 0
79 6 0 0 4 0 0 2 1 1
80 16 0 0 4 0 0 8 1 1
84 2 0 0 0 0 0 2 0 0
85 2 0 0 2 0 0 0 0 0
86 6 0 0 2 0 0 2 0 0
87 4 0 0 0 0 0 2 0 0
88 4 0 0 0 0 0 2 0 0
90 10 0 0 8 0 0 0 0 0
fl=/usr/src/debug/glibc-2.33-20.fc34.x86_64/elf/dl-hwcaps_split.c
fn=_dl_hwcaps_contains
66 6 1 1 0 0 0 0 0 0
67 12 0 0 0 0 0 0 0 0
68 6 0 0 0 0 0 0 0 0
77 6 0 0 6 0 0 0 0 0
fn=_dl_hwcaps_split
25 60 1 1 0 0 0 30 0 0
26 45 0 0 15 0 0 0 0 0
27 6 0 0 0 0 0 0 0 0
30 36 0 0 12 0 0 12 0 0
34 72 1 1 18 1 1 0 0 0
35 12 0 0 0 0 0 6 0 0
36 24 0 0 0 0 0 0 0 0
41 27 0 0 0 0 0 9 0 0
42 18 0 0 0 0 0 0 0 0
43 9 0 0 0 0 0 6 0 0
45 12 0 0 0 0 0 6 0 0
46 9 0 0 0 0 0 0 0 0
47 60 1 1 45 0 0 0 0 0
fn=_dl_hwcaps_split_masked
51 44 1 1 0 0 0 11 0 0
54 56 1 1 0 0 0 14 1 1
56 9 0 0 9 0 0 0 0 0
57 27 0 0 0 0 0 9 0 0
58 54 0 0 18 0 0 6 0 0
62 22 0 0 22 0 0 0 0 0
fl=/usr/src/debug/glibc-2.33-20.fc34.x86_64/elf/dl-init.c
fn=_dl_init
81 12 1 1 0 0 0 6 0 0
82 1 0 0 1 1 0 0 0 0
83 1 0 0 1 0 0 0 0 0
86 3 0 0 1 0 0 0 0 0
88 1 1 1 0 0 0 1 0 0
89 2 0 0 0 0 0 1 0 0
94 2 0 0 0 0 0 0 0 0
119 1 1 1 1 0 0 0 0 0
120 26 1 1 0 0 0 0 0 0
121 42 0 0 14 0 0 7 0 0
127 8 0 0 7 0 0 0 0 0
fn=call_init
31 72 1 1 0 0 0 40 0 0
35 32 0 0 16 0 0 0 0 0
37 24 1 1 8 0 0 0 0 0
43 14 0 0 0 0 0 7 0 0
46 21 0 0 14 8 0 0 0 0
47 2 0 0 0 0 0 0 0 0
51 12 0 0 6 0 0 0 0 0
59 18 0 0 6 4 0 0 0 0
60 24 1 1 8 4 0 4 0 0
63 6 0 0 6 4 0 0 0 0
64 12 0 0 0 0 0 0 0 0
70 15 0 0 10 3 0 0 0 0
72 10 0 0 10 0 0 0 0 0
73 97 0 0 0 0 0 0 0 0
74 72 1 1 18 6 0 18 0 0
76 48 0 0 48 0 0 0 0 0
fl=/usr/src/debug/glibc-2.33-20.fc34.x86_64/elf/dl-load.c
fn=_dl_dst_count
236 78 1 1 0 0 0 65 1 1
239 26 0 0 0 0 0 13 0 0
242 26 0 0 0 0 0 0 0 0
243 13 1 1 0 0 0 0 0 0
262 91 0 0 78 0 0 0 0 0
fn=_dl_init_paths
688 13 2 2 0 0 0 7 0 0
702 4 0 0 0 0 0 2 0 0
707 1 0 0 0 0 0 1 0 0
709 2 0 0 0 0 0 0 0 0
716 5 1 1 0 0 0 0 0 0
717 2 0 0 1 0 0 0 0 0
721 4 0 0 0 0 0 1 1 1
723 4 1 1 2 0 0 0 0 0
729 1 0 0 0 0 0 1 0 0
730 1 0 0 0 0 0 1 0 0
738 3 1 1 0 0 0 2 0 0
740 3 0 0 0 0 0 2 1 1
741 2 0 0 0 0 0 2 1 1
743 4 1 1 0 0 0 2 0 0
744 2 0 0 0 0 0 2 0 0
749 3 0 0 1 0 0 0 0 0
750 9 0 0 1 0 0 3 0 0
752 4 0 0 0 0 0 2 0 0
758 1 1 1 0 0 0 1 0 0
759 1 0 0 0 0 0 1 0 0
764 1 0 0 1 0 0 0 0 0
767 3 0 0 0 0 0 0 0 0
769 4 0 0 1 0 0 0 0 0
771 3 0 0 1 0 0 0 0 0
788 1 0 0 0 0 0 1 0 0
790 3 1 1 1 0 0 0 0 0
804 2 1 1 0 0 0 1 0 0
807 2 1 1 0 0 0 0 0 0
838 1 0 0 0 0 0 1 0 0
839 8 1 1 7 0 0 0 0 0
fn=_dl_map_object
664 36 2 2 12 0 0 0 0 0
2015 130 1 1 0 0 0 104 4 4
2017 5 0 0 0 0 0 5 0 0
2023 26 0 0 0 0 0 0 0 0
2024 52 0 0 13 0 0 0 0 0
2027 254 1 1 63 0 0 0 0 0
2032 406 1 1 58 0 0 0 0 0
2034 290 0 0 0 0 0 58 0 0
2038 100 0 0 50 0 0 0 0 0
2039 150 0 0 50 0 0 0 0 0
2042 28 0 0 28 0 0 0 0 0
2043 56 0 0 56 0 0 0 0 0
2044 140 1 1 0 0 0 56 2 2
2057 15 0 0 5 0 0 0 0 0
2059 15 1 1 0 0 0 5 0 0
2067 15 0 0 5 0 0 0 0 0
2101 5 0 0 0 0 0 5 0 0
2103 25 0 0 0 0 0 5 0 0
2107 16 1 1 0 0 0 8 0 0
2109 8 0 0 4 0 0 0 0 0
2116 16 1 1 4 0 0 0 0 0
2120 24 2 2 8 0 0 12 0 0
2125 16 0 0 4 0 0 0 0 0
2126 4 0 0 0 0 0 0 0 0
2140 12 1 1 8 0 0 0 0 0
2141 32 1 1 8 0 0 4 0 0
2142 4 0 0 0 0 0 0 0 0
2151 12 2 2 4 0 0 0 0 0
2158 8 1 1 0 0 0 0 0 0
2167 4 0 0 0 0 0 4 1 1
2181 8 0 0 0 0 0 0 0 0
2183 12 0 0 4 0 0 0 0 0
2187 12 0 0 0 0 0 4 0 0
2189 8 0 0 0 0 0 0 0 0
2193 8 1 1 0 0 0 0 0 0
2201 12 0 0 4 0 0 0 0 0
2224 32 0 0 0 0 0 8 0 0
2228 12 1 1 4 0 0 0 0 0
2229 8 0 0 0 0 0 4 0 0
2246 8 0 0 4 0 0 0 0 0
2252 1 0 0 0 0 0 1 1 1
2253 4 0 0 0 0 0 1 0 0
2254 2 1 1 0 0 0 0 0 0
2255 3 0 0 0 0 0 0 0 0
2259 7 1 1 0 0 0 1 0 0
2262 2 0 0 0 0 0 0 0 0
2274 20 0 0 5 0 0 0 0 0
2276 16 0 0 0 0 0 0 0 0
2320 10 0 0 5 0 0 5 0 0
2321 75 1 1 15 0 0 25 0 0
2323 117 0 0 91 0 0 0 0 0
fn=_dl_map_object_from_fd
926 70 1 1 0 0 0 50 2 2
936 20 0 0 5 0 0 10 2 2
937 5 0 0 0 0 0 5 0 0
943 20 1 1 5 0 0 5 0 0
981 95 1 1 30 0 0 0 0 0
982 40 0 0 20 0 0 0 0 0
1000 10 1 1 5 0 0 0 0 0
1024 20 0 0 5 0 0 5 0 0
1034 10 0 0 5 0 0 0 0 0
1041 20 1 1 10 0 0 0 0 0
1074 10 0 0 0 0 0 0 0 0
1077 40 1 1 25 0 0 5 0 0
1078 10 0 0 0 0 0 0 0 0
1089 10 0 0 5 0 0 5 4 4
1090 20 0 0 10 0 0 10 0 0
1091 10 1 1 5 0 0 5 0 0
1093 15 0 0 0 0 0 0 0 0
1094 20 0 0 10 0 0 0 0 0
1095 8 0 0 0 0 0 4 0 0
1098 17 1 1 1 0 0 1 0 0
1099 6 1 1 1 0 0 1 1 1
1110 10 1 1 0 0 0 5 0 0
1112 5 0 0 0 0 0 5 0 0
1114 105 2 2 10 0 0 10 0 0
1115 5 0 0 0 0 0 0 0 0
1116 5 0 0 0 0 0 5 0 0
1122 217 0 0 5 0 0 0 0 0
1123 504 2 2 59 0 0 0 0 0
1129 10 1 1 5 0 0 0 0 0
1134 12 0 0 7 0 0 5 0 0
1135 20 0 0 5 0 0 5 0 0
1140 2 0 0 1 1 1 1 0 0
1141 1 0 0 0 0 0 0 0 0
1146 70 0 0 25 0 0 0 0 0
1151 140 0 0 40 0 0 0 0 0
1159 40 0 0 0 0 0 0 0 0
1160 65 0 0 0 0 0 20 4 4
1161 140 0 0 20 0 0 20 0 0
1162 20 0 0 0 0 0 20 2 2
1163 40 0 0 20 0 0 20 0 0
1164 60 1 1 0 0 0 20 2 2
1168 40 0 0 0 0 0 0 0 0
1169 85 0 0 30 0 0 20 0 0
1173 40 0 0 0 0 0 0 0 0
1174 160 1 1 20 0 0 20 0 0
1184 20 0 0 0 0 0 0 0 0
1187 6 0 0 2 0 0 0 0 0
1191 2 1 1 0 0 0 2 2 2
1192 4 0 0 2 0 0 2 0 0
1196 10 0 0 0 0 0 2 0 0
1197 4 0 0 2 0 0 2 0 0
1200 2 0 0 0 0 0 2 2 2
1205 8 1 1 2 0 0 0 0 0
1206 10 1 1 5 1 1 5 0 0
1212 15 0 0 5 0 0 5 0 0
1220 10 1 1 5 0 0 5 0 0
1221 5 0 0 0 0 0 0 0 0
1224 10 0 0 5 0 0 5 2 2
1225 10 0 0 5 0 0 5 0 0
1229 15 1 1 5 0 0 0 0 0
1242 10 0 0 0 0 0 0 0 0
1252 45 0 0 20 0 0 5 0 0
1268 20 1 1 10 0 0 0 0 0
1277 15 0 0 5 0 0 5 0 0
1283 10 0 0 0 0 0 0 0 0
1284 10 0 0 0 0 0 0 0 0
1286 10 1 1 0 0 0 0 0 0
1296 15 0 0 5 0 0 0 0 0
1315 10 0 0 5 0 0 5 0 0
1317 25 1 1 10 0 0 0 0 0
1365 15 0 0 5 3 3 0 0 0
1366 4 0 0 2 0 0 2 0 0
1372 153 0 0 69 0 0 0 0 0
1373 275 1 1 59 49 49 0 0 0
1379 79 0 0 5 0 0 5 0 0
1384 20 0 0 5 0 0 5 0 0
1397 10 0 0 5 0 0 0 0 0
1399 20 0 0 10 0 0 5 0 0
1401 10 1 1 5 0 0 0 0 0
1417 10 0 0 0 0 0 5 0 0
1421 10 0 0 5 0 0 0 0 0
1422 10 0 0 5 0 0 0 0 0
1439 10 1 1 5 0 0 0 0 0
1440 2 1 1 0 0 0 1 0 0
1443 10 1 1 5 0 0 5 0 0
1448 10 0 0 5 0 0 0 0 0
1458 10 0 0 5 0 0 0 0 0
1465 40 1 1 15 0 0 0 0 0
1466 15 2 2 5 0 0 0 0 0
1467 20 0 0 4 0 0 4 0 0
1468 8 0 0 8 0 0 0 0 0
1469 2 0 0 0 0 0 1 0 0
1475 10 0 0 5 0 0 0 0 0
1476 8 0 0 2 0 0 0 0 0
1481 4 0 0 0 0 0 4 0 0
1488 15 1 1 5 0 0 5 0 0
1492 15 0 0 5 0 0 0 0 0
1511 45 0 0 35 0 0 0 0 0
fn=_dl_process_pt_gnu_property
850 12 1 1 0 0 0 0 0 0
851 12 0 0 12 0 0 0 0 0
852 6 0 0 6 0 0 0 0 0
858 12 0 0 6 0 0 0 0 0
864 30 0 0 0 0 0 0 0 0
867 18 1 1 6 5 5 0 0 0
868 12 0 0 6 1 1 0 0 0
869 12 0 0 6 0 0 0 0 0
912 6 0 0 6 0 0 0 0 0
fn=expand_dynamic_string_token
383 7 2 2 0 0 0 4 0 0
393 2 0 0 0 0 0 1 1 1
396 2 0 0 0 0 0 0 0 0
397 2 0 0 0 0 0 0 0 0
408 5 0 0 4 0 0 0 0 0
fn=open_verify.constprop.0
1564 60 1 1 0 0 0 35 0 0
1603 15 1 1 5 0 0 0 0 0
1634 25 0 0 0 0 0 5 1 1
1636 10 0 0 0 0 0 0 0 0
1641 5 0 0 0 0 0 0 0 0
1647 5 0 0 0 0 0 5 0 0
1648 5 0 0 0 0 0 5 0 0
1653 50 1 1 5 0 0 10 0 0
1655 10 0 0 0 0 0 0 0 0
1657 10 0 0 5 0 0 5 0 0
1659 10 0 0 0 0 0 0 0 0
1665 10 1 1 0 0 0 0 0 0
1682 79 2 2 28 0 0 0 0 0
1741 10 0 0 5 0 0 0 0 0
1746 10 0 0 5 0 0 0 0 0
1748 20 1 1 5 0 0 0 0 0
1754 10 0 0 5 2 2 0 0 0
1760 25 0 0 5 0 0 0 0 0
1761 20 0 0 5 0 0 0 0 0
1762 8 1 1 4 0 0 0 0 0
1765 16 3 3 1 0 0 0 0 0
1766 9 0 0 1 0 0 2 1 1
1782 313 0 0 1 0 0 0 0 0
1783 130 1 1 60 20 20 0 0 0
1784 40 0 0 10 0 0 0 0 0
1788 40 1 1 20 0 0 0 0 0
1789 40 1 1 16 0 0 0 0 0
1794 4 0 0 0 0 0 0 0 0
1795 32 1 1 2 0 0 0 0 0
1805 24 0 0 4 0 0 6 2 2
1813 102 1 1 24 3 3 5 0 0
1815 10 0 0 0 0 0 0 0 0
1816 90 2 2 30 0 0 0 0 0
1819 30 0 0 0 0 0 0 0 0
1824 2 0 0 0 0 0 0 0 0
1825 4 0 0 0 0 0 0 0 0
1828 4 1 1 0 0 0 0 0 0
1831 6 0 0 2 0 0 0 0 0
1832 10 0 0 2 0 0 0 0 0
1833 4 0 0 2 0 0 0 0 0
1834 6 0 0 2 0 0 0 0 0
1835 6 0 0 2 0 0 0 0 0
1849 45 0 0 35 0 0 0 0 0
fl=/usr/src/debug/glibc-2.33-20.fc34.x86_64/elf/dl-lookup-direct.c
fn=_dl_lookup_direct
74 12 2 2 0 0 0 6 0 0
75 1 0 0 1 0 0 0 0 0
76 2 0 0 0 0 0 0 0 0
78 7 0 0 3 1 0 0 0 0
79 2 0 0 0 0 0 0 0 0
81 4 1 1 1 0 0 1 0 0
84 10 0 0 2 1 0 0 0 0
86 3 0 0 1 0 0 0 0 0
87 7 0 0 0 0 0 2 0 0
90 3 0 0 1 0 0 0 0 0
93 3 1 1 0 0 0 0 0 0
115 1 0 0 0 0 0 0 0 0
116 9 0 0 7 0 0 0 0 0
fn=check_match
31 8 2 2 0 0 0 5 0 0
32 1 0 0 1 0 0 0 0 0
33 4 0 0 1 0 0 0 0 0
35 2 0 0 1 1 1 0 0 0
36 2 0 0 1 0 0 0 0 0
48 3 0 0 1 0 0 1 0 0
51 1 0 0 1 0 0 0 0 0
53 5 1 1 2 0 0 1 0 0
57 2 0 0 2 1 0 0 0 0
58 6 0 0 2 0 0 0 0 0
59 3 0 0 1 0 0 1 0 0
61 3 0 0 0 0 0 0 0 0
64 7 0 0 6 0 0 0 0 0
fl=/usr/src/debug/glibc-2.33-20.fc34.x86_64/elf/dl-lookup.c
fn=_dl_lookup_symbol_x
575 4288 0 0 0 0 0 0 0 0
576 372352 1 1 93088 1852 1601 0 0 0
577 363776 0 0 0 0 0 0 0 0
578 2144 0 0 0 0 0 0 0 0
835 30016 1 1 0 0 0 21440 10 0
837 4288 0 0 0 0 0 2144 5 0
838 4288 0 0 0 0 0 4288 0 0
841 2144 0 0 2144 5 0 0 0 0
845 8530 2 1 4265 0 0 0 0 0
847 12864 0 0 4288 0 0 2144 0 0
848 4288 1 1 2144 0 0 0 0 0
850 4288 0 0 4288 7 0 0 0 0
854 4383 0 0 19 0 0 0 0 0
855 36448 2 1 12864 0 0 15008 5 1
860 6432 2 1 2144 0 0 0 0 0
862 114 1 1 19 0 0 0 0 0
879 2144 0 0 0 0 0 2144 0 0
880 57 1 1 0 0 0 0 0 0
883 4288 0 0 2144 0 0 0 0 0
884 14859 0 0 2121 0 0 0 0 0
891 2125 0 0 2125 0 0 0 0 0
924 8500 0 0 2125 0 0 0 0 0
938 6375 2 1 2125 11 0 0 0 0
939 2 1 1 0 0 0 1 0 0
941 6375 0 0 2125 0 0 0 0 0
948 19296 0 0 15008 0 0 0 0 0
1048 4250 0 0 2125 0 0 0 0 0
fn=_dl_setup_hash
955 14 1 1 0 0 0 0 0 0
958 21 0 0 7 0 0 0 0 0
960 7 0 0 7 0 0 0 0 0
962 14 0 0 7 5 5 7 1 1
963 7 0 0 7 0 0 0 0 0
964 7 1 1 7 0 0 0 0 0
966 21 0 0 0 0 0 0 0 0
967 7 0 0 0 0 0 7 0 0
968 21 0 0 7 0 0 7 0 0
970 7 0 0 0 0 0 7 0 0
971 14 0 0 0 0 0 0 0 0
973 7 0 0 0 0 0 7 0 0
975 21 1 1 0 0 0 7 0 0
980 7 0 0 7 0 0 0 0 0
fn=check_match
69 27625 2 1 4250 0 0 10625 7 1
72 14875 1 1 4250 251 182 0 0 0
77 2124 1 1 0 0 0 0 0 0
85 10625 0 0 0 0 0 0 0 0
88 4598 0 0 116 0 0 58 0 0
92 2125 0 0 2125 11 0 0 0 0
93 4250 0 0 0 0 0 0 0 0
95 4242 1 1 0 0 0 0 0 0
114 4242 0 0 4242 35 10 0 0 0
115 16968 0 0 6363 13 0 0 0 0
116 10605 2 2 4242 5 0 2121 0 0
143 8 0 0 0 0 0 0 0 0
145 24 0 0 8 4 1 0 0 0
146 16 0 0 0 0 0 0 0 0
149 2 0 0 0 0 0 0 0 0
150 7 0 0 3 0 0 1 0 0
152 3 0 0 1 0 0 1 0 0
154 1 0 0 0 0 0 0 0 0
161 12750 0 0 12750 0 0 0 0 0
fn=do_lookup_x
169 301 0 0 0 0 0 0 0 0
170 601 2 2 234 0 0 4 0 0
171 940 0 0 250 47 47 0 0 0
173 98 0 0 0 0 0 0 0 0
174 294 0 0 0 0 0 0 0 0
175 528 3 3 0 0 0 0 0 0
178 152 0 0 0 0 0 152 0 0
179 152 0 0 0 0 0 152 0 0
180 152 0 0 0 0 0 152 43 35
181 152 0 0 0 0 0 152 0 0
221 488 1 1 244 0 0 244 0 0
223 976 0 0 122 2 0 244 0 0
225 366 0 0 122 2 1 122 0 0
226 122 0 0 122 0 0 0 0 0
227 366 1 1 122 0 0 0 0 0
229 2321 0 0 187 0 0 242 0 0
230 726 1 1 0 0 0 0 0 0
233 759 1 1 253 66 25 0 0 0
234 413 0 0 293 0 0 40 0 0
236 200 0 0 120 0 0 0 0 0
242 80 0 0 40 0 0 40 0 0
246 120 0 0 80 0 0 40 0 0
247 80 1 1 40 0 0 0 0 0
249 80 0 0 80 0 0 40 0 0
250 40 0 0 0 0 0 0 0 0
253 426 0 0 0 0 0 0 0 0
256 132 0 0 0 0 0 0 0 0
257 396 0 0 0 0 0 0 0 0
258 132 1 1 0 0 0 0 0 0
261 1134 1 1 405 0 0 0 0 0
268 8 0 0 0 0 0 2 0 0
271 4 0 0 0 0 0 0 0 0
278 286 2 2 2 0 0 0 0 0
279 276 0 0 92 4 1 0 0 0
280 280 0 0 210 5 0 0 0 0
284 16 1 1 6 0 0 4 0 0
285 2 0 0 0 0 0 2 0 0
287 2 0 0 0 0 0 2 0 0
288 6 0 0 4 0 0 2 0 0
304 3 1 1 0 0 0 1 0 0
312 2 0 0 1 0 0 0 0 0
314 2 0 0 0 0 0 0 0 0
317 1 1 1 0 0 0 1 0 0
318 1 0 0 0 0 0 1 0 0
319 2 0 0 1 0 0 1 0 0
322 328 1 1 82 0 0 0 0 0
323 328 0 0 246 0 0 0 0 0
330 328 0 0 82 0 0 0 0 0
341 492 1 1 164 0 0 82 0 0
346 164 0 0 164 0 0 82 0 0
348 246 0 0 164 0 0 82 0 0
349 164 0 0 0 0 0 82 0 0
362 30016 3 2 6432 0 0 21440 16 3
363 2144 0 0 2144 5 0 0 0 0
369 2144 0 0 2144 0 0 0 0 0
373 13832 1 1 13832 33 0 0 0 0
376 13832 0 0 0 0 0 0 0 0
380 27664 0 0 0 0 0 6916 0 0
384 13832 1 1 6916 33 0 0 0 0
388 13832 0 0 6916 2 0 0 0 0
394 20748 0 0 6916 26 0 0 0 0
398 6916 0 0 0 0 0 6916 0 0
399 6916 0 0 0 0 0 6916 0 0
402 13832 0 0 13832 68 0 0 0 0
403 20748 1 1 13832 22 0 6916 0 0
406 6916 0 0 6916 0 0 0 0 0
407 13832 0 0 0 0 0 0 0 0
409 6916 0 0 6916 808 114 0 0 0
410 15008 1 1 0 0 0 6432 0 0
411 13832 0 0 13832 0 0 0 0 0
414 34580 0 0 13832 0 0 0 0 0
417 48412 0 0 0 0 0 0 0 0
420 4338 0 0 4338 1076 192 0 0 0
421 8676 1 1 0 0 0 0 0 0
422 4338 0 0 0 0 0 0 0 0
424 23804 1 1 4328 0 0 8656 0 0
427 26590 1 1 5318 1593 448 0 0 0
429 6375 0 0 2125 0 0 0 0 0
430 29750 1 1 10625 0 0 12750 6 2
431 4250 0 0 0 0 0 0 0 0
434 6375 0 0 0 0 0 0 0 0
437 9584 0 0 1 0 0 0 0 0
451 16992 1 1 8496 0 0 0 0 0
468 81 2 1 41 0 0 0 0 0
470 2 0 0 0 0 0 0 0 0
476 4250 1 1 2125 0 0 0 0 0
527 4250 0 0 0 0 0 0 0 0
530 10928 0 0 2125 0 0 0 0 0
534 4371 2 1 1457 2 0 0 0 0
546 4006 0 0 2003 0 0 2003 0 0
547 2003 0 0 0 0 0 2003 0 0
548 4250 0 0 0 0 0 0 0 0
565 14373 0 0 0 0 0 0 0 0
568 19 0 0 0 0 0 0 0 0
569 17152 0 0 15008 0 0 0 0 0
fl=/usr/src/debug/glibc-2.33-20.fc34.x86_64/elf/dl-minimal.c
fn=__rtld_malloc_init_real
89 8 1 1 0 0 0 5 0 0
99 2 1 1 0 0 0 1 0 0
100 2 0 0 0 0 0 1 0 0
102 1 0 0 0 0 0 1 0 0
104 6 0 0 0 0 0 1 0 0
105 5 0 0 0 0 0 1 0 0
106 5 1 1 0 0 0 1 0 0
107 4 0 0 0 0 0 1 0 0
112 1 0 0 0 0 0 1 1 0
113 1 0 0 0 0 0 1 0 0
114 1 0 0 0 0 0 1 1 0
115 1 0 0 0 0 0 1 0 0
116 7 1 1 6 0 0 0 0 0
fn=__rtld_malloc_init_stubs
55 1 1 1 0 0 0 0 0 0
56 2 0 0 0 0 0 1 0 0
57 2 0 0 0 0 0 1 0 0
58 2 1 1 0 0 0 1 1 1
59 2 0 0 0 0 0 1 0 0
60 1 0 0 1 0 0 0 0 0
fn=lookup_malloc_symbol
74 40 2 2 0 0 0 24 0 0
76 4 0 0 0 0 0 4 0 0
77 28 0 0 4 0 0 12 0 0
81 28 1 1 16 0 0 0 0 0
82 28 0 0 12 0 0 0 0 0
85 32 0 0 28 0 0 0 0 0
fn=rtld_calloc
171 85 1 1 0 0 0 0 0 0
175 17 0 0 0 0 0 0 0 0
178 17 0 0 0 0 0 0 0 0
179 51 0 0 0 0 0 0 0 0
fn=rtld_free
188 7 1 1 0 0 0 0 0 0
190 28 0 0 14 0 0 0 0 0
fn=rtld_malloc
128 190 1 1 0 0 0 76 1 1
129 114 0 0 38 3 1 0 0 0
134 3 0 0 0 0 0 1 0 0
135 2 1 1 1 0 0 0 0 0
136 2 0 0 0 0 0 0 0 0
140 152 0 0 38 0 0 38 0 0
143 254 1 1 0 0 0 0 0 0
148 12 0 0 3 0 0 0 0 0
149 12 0 0 0 0 0 0 0 0
151 3 1 1 0 0 0 0 0 0
152 24 0 0 0 0 0 3 0 0
154 6 0 0 0 0 0 0 0 0
156 6 0 0 3 0 0 0 0 0
158 8 0 0 0 0 0 3 0 0
161 39 0 0 1 0 0 38 0 0
162 42 0 0 0 0 0 38 0 0
164 152 0 0 114 0 0 0 0 0
fl=/usr/src/debug/glibc-2.33-20.fc34.x86_64/elf/dl-misc.c
fn=_dl_higher_prime_number
358 2 1 1 0 0 0 0 0 0
395 2 0 0 0 0 0 0 0 0
396 2 0 0 0 0 0 0 0 0
398 26 1 1 0 0 0 0 0 0
400 80 0 0 0 0 0 0 0 0
401 37 0 0 10 4 2 0 0 0
402 6 0 0 0 0 0 0 0 0
416 2 0 0 2 0 0 0 0 0
417 2 0 0 2 0 0 0 0 0
fn=_dl_name_match_p
340 690 1 1 0 0 0 230 0 0
341 575 0 0 115 0 0 115 0 0
342 133 0 0 0 0 0 0 0 0
344 115 0 0 115 0 0 0 0 0
346 456 0 0 0 0 0 0 0 0
347 655 1 1 131 0 0 131 0 0
350 113 0 0 113 0 0 0 0 0
352 97 0 0 0 0 0 0 0 0
353 460 0 0 345 0 0 0 0 0
fn=_dl_sysdep_read_whole_file
44 9 2 2 0 0 0 4 0 0
47 3 0 0 0 0 0 1 1 1
48 2 0 0 0 0 0 0 0 0
50 6 0 0 0 0 0 1 0 0
52 2 1 1 1 1 1 1 0 0
55 2 0 0 0 0 0 0 0 0
57 8 0 0 0 0 0 1 0 0
68 3 0 0 0 0 0 1 0 0
71 7 0 0 5 0 0 0 0 0
fl=/usr/src/debug/glibc-2.33-20.fc34.x86_64/elf/dl-object.c
fn=_dl_add_to_namespace_list
31 48 1 1 0 0 0 24 0 0
33 24 1 1 6 0 0 6 1 1
35 36 0 0 6 0 0 0 0 0
38 80 0 0 20 0 0 0 0 0
40 5 0 0 0 0 0 5 0 0
42 5 0 0 0 0 0 5 0 0
45 2 1 1 0 0 0 1 0 0
46 18 0 0 6 0 0 0 0 0
47 12 0 0 6 1 1 6 0 0
48 12 0 0 0 0 0 6 0 0
50 12 0 0 6 0 0 0 0 0
51 30 0 0 24 0 0 0 0 0
fn=_dl_new_object
59 78 1 1 0 0 0 54 3 3
62 18 0 0 0 0 0 6 0 0
64 2 1 1 0 0 0 0 0 0
65 6 0 0 0 0 0 0 0 0
69 2 0 0 0 0 0 0 0 0
74 1 1 1 0 0 0 0 0 0
77 5 0 0 5 0 0 0 0 0
80 25 0 0 0 0 0 5 3 3
84 10 0 0 0 0 0 0 0 0
89 11 1 1 0 0 0 6 0 0
92 12 1 1 0 0 0 0 0 0
95 6 0 0 0 0 0 6 5 5
96 18 0 0 6 0 0 6 6 6
100 12 0 0 0 0 0 6 1 1
101 42 0 0 12 0 0 18 1 1
103 6 0 0 0 0 0 6 0 0
116 38 1 1 17 0 0 0 0 0
122 1 0 0 0 0 0 0 0 0
124 42 1 1 12 6 6 12 0 0
127 12 0 0 6 0 0 0 0 0
128 12 1 1 0 0 0 6 6 6
129 6 0 0 0 0 0 6 0 0
133 6 0 0 0 0 0 6 0 0
136 84 1 1 0 0 0 0 0 0
138 16 0 0 0 0 0 16 4 4
146 12 0 0 0 0 0 6 0 0
147 6 0 0 0 0 0 6 6 6
150 1 0 0 0 0 0 0 0 0
152 36 1 1 6 1 1 0 0 0
154 20 0 0 0 0 0 5 4 4
157 14 0 0 0 0 0 0 0 0
161 20 0 0 5 0 0 0 0 0
165 30 1 1 5 0 0 0 0 0
173 2 1 1 0 0 0 1 0 0
176 12 0 0 0 0 0 6 1 1
186 24 0 0 12 0 0 0 0 0
188 20 1 1 0 0 0 10 0 0
192 15 0 0 0 0 0 0 0 0
197 20 0 0 0 0 0 0 0 0
205 5 0 0 0 0 0 0 0 0
209 5 0 0 0 0 0 0 0 0
242 15 0 0 10 0 0 5 0 0
247 168 0 0 0 0 0 0 0 0
248 168 0 0 84 0 0 0 0 0
250 10 0 0 0 0 0 0 0 0
253 5 0 0 0 0 0 5 0 0
256 5 0 0 0 0 0 5 1 1
260 54 1 1 42 0 0 0 0 0
fl=/usr/src/debug/glibc-2.33-20.fc34.x86_64/elf/dl-reloc.c
fn=_dl_protect_relro
328 21 1 1 0 0 0 7 0 0
329 42 0 0 21 3 0 0 0 0
332 14 1 1 7 0 0 0 0 0
336 14 0 0 0 0 0 0 0 0
337 35 0 0 0 0 0 7 0 0
343 14 0 0 14 0 0 0 0 0
fn=_dl_relocate_object
167 91 1 1 0 0 0 56 0 0
177 8 0 0 0 0 0 0 0 0
178 28 1 1 0 0 0 14 0 0
182 14 1 1 0 0 0 0 0 0
183 35 0 0 7 2 0 7 0 0
189 14 0 0 7 0 0 0 0 0
195 35 1 1 14 0 0 0 0 0
196 14 1 1 7 7 0 0 0 0
199 17 0 0 0 0 0 0 0 0
206 28 0 0 7 5 0 7 0 0
246 21 1 1 14 1 0 7 0 0
274 3570 7 7 174 31 0 46 1 0
277 28 0 0 7 0 0 0 0 0
301 7 0 0 7 1 0 0 0 0
304 14 0 0 7 1 0 0 0 0
321 14 0 0 7 6 0 0 0 0
322 14 1 1 0 0 0 7 0 0
323 56 0 0 49 3 0 0 0 0
fl=/usr/src/debug/glibc-2.33-20.fc34.x86_64/elf/dl-runtime.c
fn=_dl_fixup
60 84 1 1 0 0 0 21 0 0
62 21 0 0 21 1 0 0 0 0
63 42 0 0 42 4 0 0 0 0
68 21 0 0 21 6 0 0 0 0
69 63 0 0 21 7 0 0 0 0
70 147 1 1 42 16 0 21 0 0
72 63 0 0 42 2 0 0 0 0
77 42 0 0 0 0 0 0 0 0
81 42 0 0 21 19 7 0 0 0
83 80 0 0 20 10 0 0 0 0
85 63 0 0 21 6 0 0 0 0
89 40 0 0 40 20 0 0 0 0
90 80 1 1 20 1 0 0 0 0
98 21 0 0 0 0 0 0 0 0
99 63 0 0 21 0 0 0 0 0
109 231 1 1 42 6 0 63 0 0
113 105 0 0 63 0 0 0 0 0
123 189 0 0 63 0 0 0 0 0
130 21 2 1 21 0 0 0 0 0
138 84 0 0 21 0 0 0 0 0
142 63 0 0 21 2 0 0 0 0
146 63 0 0 42 0 0 0 0 0
fl=/usr/src/debug/glibc-2.33-20.fc34.x86_64/elf/dl-sort-maps.c
fn=_dl_sort_maps
28 26 2 1 0 0 0 20 0 0
30 4 0 0 0 0 0 0 0 0
33 22 2 1 0 0 0 8 0 0
34 36 4 2 2 0 0 0 0 0
35 14 0 0 4 0 0 4 0 0
39 48 0 0 12 0 0 24 0 0
40 36 0 0 24 0 0 0 0 0
42 24 0 0 12 0 0 0 0 0
46 24 1 0 12 0 0 0 0 0
54 174 2 1 42 0 0 0 0 0
56 90 0 0 60 0 0 0 0 0
57 60 0 0 0 0 0 0 0 0
59 210 2 1 70 4 0 0 0 0
60 150 0 0 0 0 0 0 0 0
65 22 0 0 0 0 0 10 0 0
90 105 1 1 15 0 0 0 0 0
115 36 0 0 24 0 0 0 0 0
118 130 2 1 30 0 0 20 0 0
122 16 0 0 14 0 0 0 0 0
fl=/usr/src/debug/glibc-2.33-20.fc34.x86_64/elf/dl-tunables.c
fn=__GI___tunable_set_val
158 5 1 1 0 0 0 0 0 0
159 30 0 0 0 0 0 0 0 0
161 5 0 0 0 0 0 0 0 0
fn=__GI___tunables_init
72 710 0 0 48 0 0 0 0 0
75 141 1 1 0 0 0 0 0 0
78 4007 1 1 559 23 23 0 0 0
82 94 0 0 0 0 0 0 0 0
87 188 1 1 0 0 0 47 1 1
271 9 1 1 1 0 0 0 0 0
280 9 1 1 0 0 0 6 1 1
303 5828 0 0 0 0 0 0 0 0
309 8977 1 1 2914 31 31 0 0 0
321 188 1 1 47 0 0 0 0 0
355 8 0 0 7 0 0 0 0 0
fn=__tunable_get_val
403 27 2 1 0 0 0 0 0 0
406 291 2 1 27 20 12 0 0 0
415 30 0 0 27 3 0 3 0 0
425 24 0 0 0 0 0 24 1 1
426 24 0 0 0 0 0 0 0 0
432 135 0 0 27 3 0 0 0 0
434 27 0 0 27 0 0 0 0 0
fn=do_tunable_update_val
100 5 1 1 0 0 0 0 0 0
103 15 0 0 5 0 0 0 0 0
112 5 0 0 5 0 0 0 0 0
113 35 0 0 10 0 0 0 0 0
114 25 1 1 10 0 0 0 0 0
120 10 0 0 0 0 0 0 0 0
124 10 0 0 0 0 0 0 0 0
131 10 0 0 0 0 0 0 0 0
132 10 0 0 0 0 0 0 0 0
135 5 1 1 0 0 0 5 0 0
136 5 0 0 0 0 0 5 0 0
137 5 0 0 0 0 0 5 0 0
138 10 0 0 5 0 0 5 0 0
fl=/usr/src/debug/glibc-2.33-20.fc34.x86_64/elf/dl-tunables.h
fn=__GI___tunables_init
140 681 0 0 490 1 1 0 0 0
141 2024 0 0 0 0 0 0 0 0
145 5 0 0 5 0 0 0 0 0
fn=do_tunable_update_val
121 10 0 0 0 0 0 0 0 0
131 15 0 0 0 0 0 0 0 0
fl=/usr/src/debug/glibc-2.33-20.fc34.x86_64/elf/dl-version.c
fn=_dl_check_all_versions
362 6 1 1 0 0 0 4 0 0
364 2 0 0 0 0 0 0 0 0
366 26 0 0 7 0 0 0 0 0
367 7 0 0 0 0 0 0 0 0
368 63 1 1 7 0 0 7 0 0
371 7 1 1 5 0 0 0 0 0
fn=_dl_check_map_versions
37 164 0 0 20 0 0 0 0 0
38 47 0 0 47 0 0 0 0 0
39 285 1 1 0 0 0 57 0 0
57 56 0 0 56 0 0 0 0 0
65 84 1 1 28 0 0 0 0 0
71 84 0 0 28 1 0 0 0 0
87 28 0 0 28 1 0 0 0 0
88 56 0 0 0 0 0 0 0 0
90 28 0 0 28 0 0 0 0 0
95 760 1 1 282 17 17 56 0 0
109 564 0 0 282 6 6 0 0 0
111 28 1 1 28 1 1 0 0 0
114 234 0 0 38 3 2 28 0 0
121 762 0 0 254 6 6 0 0 0
125 254 0 0 0 0 0 0 0 0
143 20 0 0 0 0 0 20 0 0
156 70 1 1 0 0 0 56 1 0
157 7 0 0 0 0 0 7 0 0
165 7 1 1 0 0 0 0 0 0
171 21 0 0 7 1 0 0 0 0
173 21 0 0 7 1 0 7 0 0
175 14 0 0 7 1 0 7 0 0
176 14 1 1 7 0 0 7 0 0
178 14 0 0 0 0 0 0 0 0
181 15 0 0 10 0 0 5 0 0
185 15 0 0 5 4 4 0 0 0
199 5 0 0 0 0 0 0 0 0
201 30 1 1 30 3 3 0 0 0
209 30 0 0 10 0 0 0 0 0
214 40 0 0 20 0 0 0 0 0
218 234 0 0 200 1 0 0 0 0
220 28 0 0 28 0 0 0 0 0
222 74 1 1 28 5 5 28 0 0
225 112 1 1 28 0 0 0 0 0
228 84 0 0 28 0 0 0 0 0
233 18 0 0 0 0 0 0 0 0
237 40 1 1 20 0 0 0 0 0
242 10 0 0 0 0 0 5 0 0
251 15 2 2 7 0 0 0 0 0
254 20 0 0 15 0 0 0 0 0
257 452 0 0 113 21 21 0 0 0
260 339 0 0 113 11 11 0 0 0
264 108 0 0 0 0 0 0 0 0
268 12 0 0 0 0 0 0 0 0
273 6 0 0 0 0 0 6 0 0
274 12 0 0 0 0 0 0 0 0
275 12 0 0 0 0 0 0 0 0
285 6 0 0 0 0 0 6 0 0
288 18 0 0 12 3 0 6 1 0
290 18 1 1 6 0 0 0 0 0
293 20 0 0 15 0 0 0 0 0
295 5 0 0 0 0 0 0 0 0
297 30 0 0 10 0 0 0 0 0
300 84 0 0 28 0 0 0 0 0
302 112 0 0 0 0 0 0 0 0
304 140 0 0 28 0 0 28 0 0
305 56 1 1 0 0 0 28 12 12
306 84 0 0 28 0 0 28 3 3
307 84 0 0 28 0 0 28 1 1
310 84 0 0 28 0 0 0 0 0
315 18 0 0 0 0 0 0 0 0
318 30 0 0 10 0 0 0 0 0
323 5 0 0 0 0 0 0 0 0
328 18 1 1 6 0 0 0 0 0
331 20 0 0 15 0 0 0 0 0
335 108 0 0 108 0 0 0 0 0
337 226 0 0 113 0 0 0 0 0
341 108 0 0 108 0 0 0 0 0
342 540 0 0 108 0 0 108 28 28
343 324 0 0 108 0 0 108 0 0
344 108 0 0 0 0 0 108 13 13
347 339 0 0 113 0 0 0 0 0
351 108 0 0 0 0 0 0 0 0
357 63 1 1 56 0 0 0 0 0
fl=/usr/src/debug/glibc-2.33-20.fc34.x86_64/elf/do-rel.h
fn=_dl_relocate_object
46 14 0 0 0 0 0 0 0 0
47 28 0 0 0 0 0 14 0 0
48 14 0 0 14 2 0 0 0 0
50 11 0 0 0 0 0 0 0 0
51 10 0 0 0 0 0 6 0 0
58 28 1 1 0 0 0 0 0 0
61 3322 0 0 4 0 0 0 0 0
63 4408 1 1 1102 412 412 0 0 0
74 8 0 0 0 0 0 0 0 0
75 8 0 0 0 0 0 0 0 0
83 20 0 0 10 0 0 10 0 0
84 10 1 1 10 0 0 0 0 0
86 20 0 0 0 0 0 0 0 0
98 30 1 1 0 0 0 0 0 0
108 18 0 0 1 1 1 0 0 0
111 6387 2 2 0 0 0 0 0 0
112 4218 0 0 2109 267 267 0 0 0
118 40 1 1 10 7 0 10 2 0
121 27 0 0 18 3 0 9 2 0
124 10431 1 1 3480 0 0 0 0 0
127 13884 1 1 3471 879 875 0 0 0
129 348 1 1 58 0 0 116 0 0
136 13652 0 0 6826 1187 242 0 0 0
137 13652 1 1 3413 0 0 3413 0 0
138 9752 1 1 3413 2 0 0 0 0
139 6826 0 0 6826 0 0 0 0 0
143 24 0 0 12 0 0 0 0 0
144 219 0 0 3 0 0 0 0 0
145 210 0 0 70 0 0 0 0 0
148 174 1 1 116 0 0 0 0 0
150 232 0 0 58 0 0 58 0 0
151 58 0 0 58 0 0 0 0 0
152 116 0 0 116 0 0 0 0 0
160 23 2 2 7 0 0 1 0 0
162 24 0 0 6 1 1 0 0 0
170 36 1 1 6 0 0 6 0 0
171 18 0 0 12 0 0 6 0 0
174 4 0 0 1 0 0 0 0 0
fn=_dl_start
46 1 1 1 0 0 0 0 0 0
47 4 0 0 0 0 0 0 0 0
83 1 0 0 1 0 0 0 0 0
84 1 1 1 1 0 0 0 0 0
86 3 0 0 1 0 0 0 0 0
111 27 0 0 0 0 0 0 0 0
112 16 0 0 8 2 2 0 0 0
116 2 1 1 1 0 0 0 0 0
124 20 0 0 0 0 0 0 0 0
136 18 1 1 6 2 2 0 0 0
137 12 0 0 0 0 0 0 0 0
139 12 0 0 6 0 0 0 0 0
fl=/usr/src/debug/glibc-2.33-20.fc34.x86_64/elf/get-dynamic-info.h
fn=_dl_map_object_from_fd
40 5 0 0 0 0 0 0 0 0
44 5 0 0 0 0 0 0 0 0
46 535 1 1 135 36 36 0 0 0
50 260 1 1 0 0 0 0 0 0
55 137 0 0 0 0 0 0 0 0
56 94 0 0 0 0 0 0 0 0
57 25 0 0 0 0 0 0 0 0
59 5 0 0 0 0 0 0 0 0
60 25 1 1 0 0 0 0 0 0
62 5 0 0 0 0 0 0 0 0
63 25 0 0 0 0 0 0 0 0
65 20 0 0 0 0 0 0 0 0
69 130 0 0 0 0 0 130 32 32
76 10 0 0 0 0 0 0 0 0
96 17 1 1 7 0 0 0 0 0
97 20 0 0 10 0 0 0 0 0
98 20 0 0 10 0 0 0 0 0
99 20 0 0 10 0 0 0 0 0
101 20 0 0 10 0 0 0 0 0
106 20 1 1 10 0 0 0 0 0
107 19 0 0 9 1 1 0 0 0
108 20 0 0 10 0 0 0 0 0
113 15 0 0 5 0 0 0 0 0
118 10 1 1 5 0 0 0 0 0
125 10 0 0 5 0 0 0 0 0
126 15 0 0 10 0 0 0 0 0
144 15 0 0 5 1 1 0 0 0
149 4 0 0 2 0 0 2 0 0
151 4 0 0 0 0 0 0 0 0
153 4 0 0 0 0 0 0 0 0
155 4 0 0 0 0 0 0 0 0
156 4 1 1 0 0 0 2 0 0
158 15 1 1 5 0 0 0 0 0
160 9 0 0 3 0 0 3 0 0
161 6 0 0 0 0 0 0 0 0
170 9 1 1 6 0 0 0 0 0
171 9 1 1 0 0 0 0 0 0
175 6 0 0 0 0 0 0 0 0
176 6 1 1 2 0 0 2 0 0
178 10 0 0 5 0 0 0 0 0
fn=_dl_start
46 83 0 0 21 6 6 0 0 0
50 40 1 1 0 0 0 0 0 0
55 25 0 0 0 0 0 0 0 0
56 17 0 0 0 0 0 0 0 0
57 5 0 0 0 0 0 0 0 0
59 1 0 0 0 0 0 0 0 0
60 5 2 2 0 0 0 0 0 0
62 1 0 0 0 0 0 0 0 0
63 5 1 1 0 0 0 0 0 0
65 5 1 1 0 0 0 0 0 0
69 21 0 0 0 0 0 20 8 8
76 2 0 0 0 0 0 0 0 0
96 4 0 0 2 0 0 0 0 0
97 4 1 1 2 0 0 0 0 0
98 4 0 0 2 0 0 0 0 0
99 4 0 0 2 0 0 0 0 0
101 4 0 0 2 0 0 0 0 0
106 4 1 1 2 0 0 0 0 0
107 4 0 0 2 0 0 0 0 0
108 4 0 0 2 0 0 0 0 0
113 3 0 0 1 0 0 0 0 0
118 2 0 0 1 0 0 0 0 0
125 3 1 1 1 0 0 0 0 0
126 3 0 0 2 0 0 0 0 0
134 5 0 0 2 0 0 0 0 0
137 3 0 0 1 0 0 0 0 0
141 2 1 1 1 0 0 0 0 0
142 2 0 0 1 0 0 0 0 0
fn=dl_main
40 4 1 1 2 0 0 0 0 0
44 1 0 0 0 0 0 0 0 0
46 107 0 0 27 8 8 0 0 0
50 52 0 0 0 0 0 0 0 0
55 17 0 0 0 0 0 0 0 0
56 11 0 0 0 0 0 0 0 0
57 5 1 1 0 0 0 0 0 0
59 1 1 1 0 0 0 0 0 0
60 5 2 2 0 0 0 0 0 0
62 1 0 0 0 0 0 0 0 0
63 5 0 0 0 0 0 0 0 0
65 5 0 0 0 0 0 0 0 0
69 26 0 0 0 0 0 26 6 6
76 4 0 0 2 0 0 0 0 0
113 4 0 0 2 0 0 0 0 0
118 2 1 1 1 0 0 0 0 0
125 3 0 0 2 0 0 0 0 0
126 3 0 0 2 0 0 0 0 0
144 4 0 0 2 0 0 0 0 0
158 4 1 1 2 0 0 0 0 0
178 3 1 1 2 0 0 0 0 0
fl=/usr/src/debug/glibc-2.33-20.fc34.x86_64/elf/rtld.c
fn=???
626 1 1 1 0 0 0 0 0 0
627 1 0 0 0 0 0 1 1 1
630 1 1 0 0 0 0 0 0 0
633 1 0 0 1 1 0 0 0 0
635 1 0 0 1 0 0 0 0 0
637 1 0 0 0 0 0 0 0 0
639 1 0 0 0 0 0 0 0 0
641 1 0 0 0 0 0 1 0 0
644 1 0 0 0 0 0 0 0 0
646 1 0 0 0 0 0 0 0 0
648 1 0 0 0 0 0 0 0 0
650 1 0 0 1 0 0 0 0 0
652 1 0 0 0 0 0 0 0 0
654 1 0 0 0 0 0 0 0 0
656 1 0 0 0 0 0 0 0 0
658 1 0 0 0 0 0 1 0 0
660 1 0 0 0 0 0 0 0 0
662 1 0 0 0 0 0 0 0 0
664 1 0 0 0 0 0 0 0 0
fn=_dl_start
72 8 1 1 0 0 0 2 1 1
470 3 0 0 0 0 0 1 0 0
471 1 0 0 0 0 0 1 0 0
472 2 0 0 0 0 0 1 1 1
473 2 1 1 0 0 0 1 0 0
474 2 0 0 0 0 0 1 0 0
483 1 0 0 0 0 0 1 0 0
489 4 1 0 0 0 0 1 0 0
491 2 0 0 1 0 0 0 0 0
503 10 1 1 0 0 0 6 1 1
544 1 0 0 0 0 0 1 0 0
547 1 0 0 0 0 0 1 1 1
558 2 0 0 0 0 0 0 0 0
563 15 0 0 7 0 0 0 0 0
565 1 1 1 1 1 1 0 0 0
578 1 0 0 0 0 0 1 1 1
593 9 1 0 7 2 0 0 0 0
fn=dl_main
72 16 1 1 0 0 0 1 0 0
79 12 1 1 0 0 0 0 0 0
80 2 0 0 1 0 0 1 0 0
88 8 0 0 3 0 0 0 0 0
193 1 0 0 0 0 0 1 0 0
194 1 0 0 0 0 0 1 0 0
195 1 0 0 0 0 0 1 0 0
220 4 2 2 4 1 1 0 0 0
221 2 0 0 2 0 0 0 0 0
222 4 0 0 0 0 0 0 0 0
292 1 0 0 0 0 0 1 0 0
293 1 1 1 0 0 0 1 0 0
294 1 0 0 0 0 0 1 0 0
295 1 0 0 0 0 0 1 0 0
296 1 0 0 0 0 0 1 0 0
297 1 0 0 0 0 0 1 0 0
298 1 0 0 0 0 0 1 0 0
299 2 0 0 0 0 0 1 0 0
866 1 0 0 1 0 0 0 0 0
868 1 0 0 0 0 0 1 0 0
874 1 0 0 1 0 0 0 0 0
877 1 0 0 0 0 0 1 0 0
879 1 0 0 0 0 0 1 0 0
884 1 0 0 0 0 0 1 0 0
1128 14 3 3 0 0 0 10 2 2
1133 1 0 0 0 0 0 1 0 0
1135 1 0 0 0 0 0 0 0 0
1136 1 0 0 0 0 0 1 0 0
1142 2 0 0 0 0 0 1 1 1
1146 2 0 0 0 0 0 1 1 1
1147 2 0 0 0 0 0 1 0 0
1151 3 0 0 0 0 0 2 0 0
1152 3 1 1 0 0 0 2 0 0
1157 2 0 0 0 0 0 1 0 0
1167 3 0 0 2 0 0 1 0 0
1168 4 0 0 2 0 0 0 0 0
1447 10 2 2 0 0 0 3 0 0
1449 2 0 0 0 0 0 0 0 0
1450 3 0 0 2 0 0 1 0 0
1451 2 0 0 1 0 0 1 0 0
1452 3 1 1 2 0 0 1 0 0
1456 3 0 0 0 0 0 1 0 0
1457 2 0 0 1 0 0 0 0 0
1478 2 0 0 1 0 0 1 0 0
1479 1 0 0 0 0 0 1 0 0
1481 1 0 0 0 0 0 1 1 1
1483 1 1 1 1 0 0 0 0 0
1486 47 1 1 2 0 0 0 0 0
1487 117 1 1 22 7 7 0 0 0
1491 3 1 1 2 0 0 1 0 0
1496 3 1 1 2 0 0 1 0 0
1505 2 0 0 0 0 0 1 1 1
1506 2 0 0 2 1 1 0 0 0
1508 1 0 0 0 0 0 1 0 0
1515 3 0 0 1 0 0 0 0 0
1527 1 0 0 0 0 0 0 0 0
1533 1 1 1 0 0 0 1 0 0
1541 8 0 0 4 0 0 0 0 0
1542 15 2 2 5 1 1 0 0 0
1543 8 0 0 4 0 0 0 0 0
1544 1 0 0 0 0 0 1 0 0
1547 8 0 0 4 3 3 0 0 0
1548 8 0 0 4 0 0 0 0 0
1549 4 0 0 0 0 0 4 0 0
1550 10 1 1 5 0 0 0 0 0
1551 1 0 0 0 0 0 1 0 0
1578 2 0 0 1 0 0 1 0 0
1582 2 0 0 1 0 0 1 0 0
1583 2 0 0 1 1 1 1 0 0
1588 26 0 0 13 0 0 0 0 0
1589 61 1 1 13 0 0 0 0 0
1595 17 0 0 0 0 0 1 0 0
1601 3 0 0 1 1 1 0 0 0
1604 5 1 1 3 0 0 0 0 0
1606 3 0 0 1 0 0 0 0 0
1608 2 0 0 1 0 0 0 0 0
1621 3 1 1 1 0 0 0 0 0
1622 6 0 0 2 0 0 1 0 0
1624 3 0 0 3 0 0 0 0 0
1627 1 0 0 0 0 0 1 0 0
1629 1 0 0 0 0 0 1 1 1
1630 1 0 0 0 0 0 1 0 0
1632 2 1 1 1 0 0 0 0 0
1633 2 0 0 0 0 0 1 0 0
1637 2 0 0 1 0 0 0 0 0
1639 2 0 0 1 0 0 0 0 0
1647 4 1 1 2 0 0 0 0 0
1654 2 0 0 1 0 0 1 0 0
1657 2 0 0 1 0 0 0 0 0
1682 9 0 0 1 0 0 2 0 0
1690 4 0 0 1 0 0 2 0 0
1692 1 0 0 0 0 0 1 0 0
1697 2 0 0 1 0 0 0 0 0
1700 4 1 1 2 0 0 1 0 0
1701 4 0 0 1 0 0 1 0 0
1702 3 1 1 1 0 0 1 0 0
1703 1 0 0 0 0 0 1 0 0
1704 1 0 0 1 0 0 0 0 0
1705 1 0 0 1 0 0 0 0 0
1710 2 0 0 1 1 1 0 0 0
1711 3 1 1 1 0 0 1 0 0
1728 2 0 0 1 1 1 0 0 0
1729 2 0 0 1 0 0 0 0 0
1731 2 0 0 1 0 0 0 0 0
1733 1 1 1 0 0 0 1 0 0
1734 3 0 0 1 0 0 1 0 0
1739 5 0 0 0 0 0 0 0 0
1740 5 0 0 1 1 1 0 0 0
1742 2 0 0 1 1 1 1 0 0
1743 2 0 0 1 0 0 1 1 1
1748 2 0 0 1 1 1 0 0 0
1757 2 1 1 1 0 0 0 0 0
1761 1 0 0 0 0 0 0 0 0
1762 2 1 1 1 0 0 0 0 0
1786 2 0 0 0 0 0 2 0 0
1794 4 0 0 2 0 0 0 0 0
1797 2 0 0 1 0 0 1 0 0
1801 3 1 1 1 0 0 0 0 0
1806 2 0 0 1 0 0 1 0 0
1807 1 0 0 0 0 0 1 0 0
1808 1 0 0 0 0 0 0 0 0
1812 3 0 0 1 0 0 0 0 0
1828 3 1 1 2 0 0 0 0 0
1830 1 0 0 0 0 0 0 0 0
1832 2 0 0 1 0 0 0 0 0
1836 5 1 1 2 0 0 1 0 0
1841 2 0 0 1 0 0 0 0 0
1857 6 0 0 0 0 0 1 0 0
1933 4 1 1 2 0 0 0 0 0
1937 19 4 4 1 0 0 0 0 0
1938 1 0 0 0 0 0 0 0 0
1941 3 0 0 0 0 0 1 0 0
1942 1 0 0 1 0 0 0 0 0
1943 2 0 0 0 0 0 0 0 0
1944 2 0 0 0 0 0 0 0 0
1953 8 0 0 2 0 0 1 0 0
1959 31 0 0 1 0 0 0 0 0
1960 18 0 0 15 0 0 0 0 0
1963 4 1 1 3 1 0 1 0 0
1964 3 0 0 1 0 0 0 0 0
1965 1 0 0 0 0 0 1 0 0
1967 23 0 0 0 0 0 0 0 0
1968 23 1 1 8 1 0 0 0 0
1978 2 0 0 0 0 0 1 1 0
1980 3 0 0 1 0 0 1 0 0
1981 2 0 0 0 0 0 0 0 0
1983 2 0 0 0 0 0 1 0 0
1985 3 1 1 0 0 0 0 0 0
1987 3 0 0 1 0 0 0 0 0
1988 1 0 0 1 0 0 0 0 0
1989 2 0 0 0 0 0 0 0 0
2001 2 0 0 0 0 0 0 0 0
2002 2 1 1 0 0 0 1 0 0
2003 3 0 0 1 0 0 0 0 0
2014 4 0 0 0 0 0 1 1 0
2015 4 0 0 0 0 0 1 0 0
2016 5 1 1 0 0 0 1 0 0
2026 2 0 0 1 0 0 1 0 0
2027 2 0 0 0 0 0 0 0 0
2028 4 1 1 0 0 0 1 0 0
2030 2 1 1 0 0 0 0 0 0
2035 3 1 1 1 1 0 0 0 0
2265 4 0 0 2 1 0 0 0 0
2314 1 1 1 1 0 0 0 0 0
2321 3 1 1 1 0 0 1 0 0
2325 3 0 0 1 0 0 2 0 0
2331 2 0 0 1 0 0 1 1 0
2334 2 0 0 0 0 0 0 0 0
2342 2 1 1 2 1 0 0 0 0
2344 2 0 0 0 0 0 0 0 0
2374 1 1 1 1 1 0 0 0 0
2392 3 1 1 1 0 0 0 0 0
2395 1 0 0 1 1 0 0 0 0
2399 2 1 1 2 0 0 0 0 0
2400 28 0 0 1 0 0 1 0 0
2402 14 1 1 14 4 0 0 0 0
2407 14 0 0 14 6 0 0 0 0
2409 16 0 0 0 0 0 0 0 0
2411 1 1 1 0 0 0 1 0 0
2412 1 0 0 1 0 0 0 0 0
2415 7 0 0 7 1 0 0 0 0
2417 21 0 0 0 0 0 0 0 0
2418 48 0 0 12 6 0 6 0 0
2422 18 0 0 9 3 0 0 0 0
2423 8 0 0 0 0 0 2 0 0
2431 2 0 0 1 0 0 0 0 0
2436 4 0 0 2 2 0 0 0 0
2438 1 1 1 1 0 0 0 0 0
2445 2 0 0 0 0 0 1 0 0
2448 2 0 0 1 0 0 0 0 0
2460 3 1 1 2 1 0 0 0 0
2462 4 0 0 1 0 0 0 0 0
2474 3 1 1 1 0 0 1 0 0
2480 1 1 1 1 0 0 0 0 0
2481 5 0 0 1 0 0 1 0 0
2489 3 1 1 1 1 0 1 0 0
2496 1 0 0 0 0 0 1 0 0
2500 3 0 0 1 0 0 0 0 0
2521 4 0 0 0 0 0 1 0 0
2522 1 0 0 0 0 0 1 0 0
2523 1 0 0 0 0 0 1 0 0
2524 1 0 0 0 0 0 0 0 0
2528 1 0 0 0 0 0 1 0 0
2533 8 1 1 7 2 0 0 0 0
2666 2 0 0 1 0 0 1 0 0
2668 1 1 1 0 0 0 0 0 0
2672 7 0 0 1 0 0 2 1 1
2674 11 0 0 0 0 0 2 1 1
2676 1 0 0 0 0 0 0 0 0
2678 41 1 1 8 0 0 0 0 0
2679 7 0 0 0 0 0 0 0 0
2687 7 0 0 1 1 1 0 0 0
2708 2 1 1 1 0 0 0 0 0
2715 6 1 1 3 0 0 0 0 0
2717 2 0 0 0 0 0 1 0 0
2718 1 0 0 0 0 0 0 0 0
2818 1 0 0 0 0 0 0 0 0
2827 1 0 0 0 0 0 0 0 0
2834 4 0 0 1 0 0 0 0 0
2866 2 1 1 0 0 0 0 0 0
fn=do_preload
817 6 2 2 0 0 0 3 0 0
819 1 0 0 0 0 0 1 0 0
823 1 0 0 0 0 0 1 0 0
824 1 0 0 0 0 0 1 0 0
825 1 0 0 0 0 0 1 0 0
827 1 0 0 1 0 0 0 0 0
829 6 0 0 0 0 0 1 0 0
830 3 1 1 1 0 0 0 0 0
838 3 0 0 1 0 0 0 0 0
844 5 0 0 4 0 0 0 0 0
fn=handle_preload_list
179 3 0 0 1 0 0 0 0 0
898 10 1 1 1 1 1 6 0 0
899 2 0 0 0 0 0 0 0 0
903 7 0 0 2 0 0 0 0 0
906 4 1 1 0 0 0 1 1 1
907 3 0 0 0 0 0 0 0 0
909 6 1 1 0 0 0 2 0 0
910 3 0 0 1 0 0 1 0 0
916 1 0 0 0 0 0 0 0 0
918 2 0 0 1 0 0 0 0 0
920 2 0 0 1 0 0 0 0 0
921 5 0 0 0 0 0 1 0 0
924 9 1 1 7 0 0 0 0 0
fn=init_tls
742 3 1 1 0 0 0 2 0 0
744 2 0 0 1 0 0 1 0 0
748 3 1 1 1 1 0 0 0 0
754 2 0 0 0 0 0 1 0 0
757 1 0 0 0 0 0 1 0 0
758 1 0 0 0 0 0 0 0 0
759 1 0 0 0 0 0 0 0 0
763 1 0 0 0 0 0 0 0 0
765 1 0 0 0 0 0 1 0 0
769 2 0 0 1 1 1 0 0 0
770 2 0 0 0 0 0 0 0 0
771 17 1 1 1 0 0 0 0 0
772 7 0 0 7 0 0 0 0 0
773 14 0 0 7 3 0 0 0 0
777 6 0 0 0 0 0 2 1 1
779 2 0 0 0 0 0 0 0 0
781 3 1 1 1 0 0 0 0 0
784 2 0 0 0 0 0 1 0 0
787 1 0 0 0 0 0 1 0 0
794 2 0 0 0 0 0 1 0 0
795 2 0 0 0 0 0 0 0 0
801 2 0 0 1 0 0 1 0 0
804 8 1 1 0 0 0 2 0 0
808 2 0 0 1 0 0 0 0 0
810 1 1 1 0 0 0 1 0 0
813 5 0 0 3 0 0 0 0 0
fn=map_doit
649 3 1 1 0 0 0 1 0 0
651 4 0 0 1 0 0 0 0 0
652 6 1 1 2 0 0 2 0 0
654 2 0 0 2 0 0 0 0 0
fn=rtld_lock_default_lock_recursive
850 129 1 1 0 0 0 0 0 0
851 129 0 0 129 3 1 0 0 0
852 129 0 0 129 0 0 0 0 0
fn=rtld_lock_default_unlock_recursive
856 129 0 0 0 0 0 0 0 0
857 129 0 0 129 0 0 0 0 0
858 129 0 0 129 0 0 0 0 0
fn=version_check_doit
682 3 1 1 0 0 0 1 0 0
684 6 0 0 2 0 0 1 0 0
688 2 1 1 2 0 0 0 0 0
fl=/usr/src/debug/glibc-2.33-20.fc34.x86_64/io/../sysdeps/unix/sysv/linux/access.c
fn=access
25 1 0 0 0 0 0 0 0 0
27 7 0 0 0 0 0 1 0 0
31 1 0 0 1 0 0 0 0 0
fl=/usr/src/debug/glibc-2.33-20.fc34.x86_64/io/../sysdeps/unix/sysv/linux/close_nocancel.c
fn=__GI___close_nocancel
25 6 1 1 0 0 0 0 0 0
26 24 1 1 0 0 0 0 0 0
27 6 0 0 6 0 0 0 0 0
fl=/usr/src/debug/glibc-2.33-20.fc34.x86_64/io/../sysdeps/unix/sysv/linux/fstat64.c
fn=fstat
29 12 1 1 0 0 0 0 0 0
30 12 0 0 0 0 0 0 0 0
35 18 0 0 0 0 0 0 0 0
fl=/usr/src/debug/glibc-2.33-20.fc34.x86_64/io/../sysdeps/unix/sysv/linux/fstatat64.c
fn=fstatat
34 12 1 1 0 0 0 0 0 0
57 12 0 0 0 0 0 0 0 0
107 18 1 1 0 0 0 0 0 0
108 6 0 0 6 0 0 0 0 0
fl=/usr/src/debug/glibc-2.33-20.fc34.x86_64/io/../sysdeps/unix/sysv/linux/open64_nocancel.c
fn=__open_nocancel
34 24 1 1 0 0 0 6 0 0
37 42 0 0 0 0 0 0 0 0
45 42 0 0 0 0 0 0 0 0
47 6 1 1 6 0 0 0 0 0
fl=/usr/src/debug/glibc-2.33-20.fc34.x86_64/io/../sysdeps/unix/sysv/linux/pread64_nocancel.c
fn=__pread64_nocancel
25 8 0 0 0 0 0 0 0 0
26 16 1 1 0 0 0 0 0 0
27 4 0 0 4 0 0 0 0 0
fl=/usr/src/debug/glibc-2.33-20.fc34.x86_64/io/../sysdeps/unix/sysv/linux/read_nocancel.c
fn=__read_nocancel
25 5 1 1 0 0 0 0 0 0
26 20 0 0 0 0 0 0 0 0
27 5 0 0 5 0 0 0 0 0
fl=/usr/src/debug/glibc-2.33-20.fc34.x86_64/malloc/scratch_buffer_set_array_size.c
fn=__libc_scratch_buffer_set_array_size
30 50 1 1 0 0 0 15 0 0
34 5 0 0 0 0 0 0 0 0
35 10 0 0 0 0 0 0 0 0
45 10 1 1 5 0 0 0 0 0
46 5 0 0 0 0 0 0 0 0
63 20 0 0 20 0 0 0 0 0
fl=/usr/src/debug/glibc-2.33-20.fc34.x86_64/misc/../sysdeps/unix/syscall-template.S
fn=mprotect
117 50 1 1 0 0 0 0 0 0
122 10 0 0 10 0 0 0 0 0
fn=munmap
117 5 1 1 0 0 0 0 0 0
122 1 0 0 1 0 0 0 0 0
fl=/usr/src/debug/glibc-2.33-20.fc34.x86_64/misc/../sysdeps/unix/sysv/linux/mmap64.c
fn=mmap
48 130 1 1 0 0 0 52 0 0
51 52 0 0 0 0 0 0 0 0
54 104 1 1 0 0 0 0 0 0
59 156 0 0 0 0 0 0 0 0
61 78 0 0 78 0 0 0 0 0
fl=/usr/src/debug/glibc-2.33-20.fc34.x86_64/posix/../sysdeps/unix/syscall-template.S
fn=uname
120 5 1 1 0 0 0 0 0 0
122 1 0 0 1 0 0 0 0 0
fl=/usr/src/debug/glibc-2.33-20.fc34.x86_64/setjmp/../sysdeps/x86_64/setjmp.S
fn=__sigsetjmp
30 13 1 1 0 0 0 0 0 0
32 13 0 0 0 0 0 13 0 0
41 13 0 0 0 0 0 0 0 0
42 26 1 1 13 0 0 0 0 0
43 13 0 0 0 0 0 13 0 0
47 13 0 0 0 0 0 13 2 2
48 13 0 0 0 0 0 13 0 0
49 13 0 0 0 0 0 13 0 0
50 13 0 0 0 0 0 13 0 0
51 13 0 0 0 0 0 0 0 0
53 26 0 0 13 0 0 0 0 0
55 13 0 0 0 0 0 13 0 0
56 13 0 0 13 0 0 0 0 0
57 13 0 0 0 0 0 0 0 0
59 26 0 0 13 0 0 0 0 0
61 13 1 1 0 0 0 13 0 0
69 13 0 0 0 0 0 0 0 0
72 13 0 0 0 0 0 0 0 0
73 13 0 0 0 0 0 13 1 1
80 13 0 0 0 0 0 0 0 0
81 13 0 0 13 0 0 0 0 0
fl=/usr/src/debug/glibc-2.33-20.fc34.x86_64/string/../include/rtld-malloc.h
fn=strdup
56 10 0 0 5 0 0 5 0 0
fl=/usr/src/debug/glibc-2.33-20.fc34.x86_64/string/../sysdeps/x86_64/memcmp.S
fn=bcmp
23 1 1 1 0 0 0 0 0 0
28 1 0 0 0 0 0 0 0 0
29 1 0 0 0 0 0 0 0 0
30 1 0 0 0 0 0 0 0 0
31 1 0 0 0 0 0 0 0 0
32 1 0 0 0 0 0 0 0 0
33 1 0 0 0 0 0 0 0 0
34 1 0 0 0 0 0 0 0 0
35 1 0 0 0 0 0 0 0 0
38 1 0 0 0 0 0 0 0 0
39 1 0 0 0 0 0 0 0 0
40 1 0 0 1 0 0 0 0 0
41 1 0 0 1 0 0 0 0 0
42 1 0 0 0 0 0 0 0 0
43 1 1 1 0 0 0 0 0 0
44 1 0 0 0 0 0 0 0 0
45 1 0 0 0 0 0 0 0 0
46 1 0 0 0 0 0 0 0 0
48 1 0 0 0 0 0 0 0 0
49 1 0 0 0 0 0 0 0 0
58 1 0 0 0 0 0 0 0 0
59 1 0 0 0 0 0 0 0 0
68 1 1 1 0 0 0 0 0 0
69 1 0 0 0 0 0 0 0 0
70 1 0 0 1 0 0 0 0 0
71 1 0 0 1 0 0 0 0 0
72 1 0 0 0 0 0 0 0 0
73 1 0 0 0 0 0 0 0 0
74 1 0 0 0 0 0 0 0 0
75 1 0 0 0 0 0 0 0 0
76 1 0 0 0 0 0 0 0 0
102 1 1 1 0 0 0 0 0 0
103 1 0 0 0 0 0 0 0 0
104 1 0 0 0 0 0 0 0 0
105 1 0 0 0 0 0 0 0 0
106 1 0 0 0 0 0 0 0 0
107 1 0 0 0 0 0 0 0 0
108 1 0 0 0 0 0 0 0 0
109 1 0 0 0 0 0 0 0 0
110 1 0 0 0 0 0 0 0 0
111 1 0 0 0 0 0 0 0 0
112 1 0 0 0 0 0 0 0 0
113 1 0 0 0 0 0 0 0 0
114 1 0 0 1 0 0 0 0 0
fl=/usr/src/debug/glibc-2.33-20.fc34.x86_64/string/../sysdeps/x86_64/multiarch/../strchr.S
fn=index
23 27 1 1 0 0 0 0 0 0
24 27 0 0 0 0 0 0 0 0
25 27 0 0 0 0 0 0 0 0
26 27 0 0 0 0 0 0 0 0
27 27 0 0 0 0 0 0 0 0
28 27 0 0 0 0 0 0 0 0
29 27 0 0 0 0 0 0 0 0
30 27 0 0 0 0 0 0 0 0
31 27 0 0 0 0 0 0 0 0
32 27 0 0 27 4 4 0 0 0
33 27 0 0 0 0 0 0 0 0
34 27 0 0 0 0 0 0 0 0
35 27 0 0 0 0 0 0 0 0
36 27 0 0 0 0 0 0 0 0
37 27 0 0 0 0 0 0 0 0
38 27 1 1 0 0 0 0 0 0
39 27 0 0 0 0 0 0 0 0
40 27 0 0 0 0 0 0 0 0
41 23 0 0 0 0 0 0 0 0
45 23 0 0 0 0 0 0 0 0
46 23 0 0 0 0 0 0 0 0
47 23 0 0 23 0 0 0 0 0
48 23 0 0 0 0 0 0 0 0
50 23 0 0 23 0 0 0 0 0
54 4 0 0 4 0 0 0 0 0
55 4 0 0 0 0 0 0 0 0
56 4 0 0 0 0 0 0 0 0
57 4 0 0 0 0 0 0 0 0
58 4 0 0 0 0 0 0 0 0
59 4 0 0 0 0 0 0 0 0
60 4 0 0 4 0 0 0 0 0
61 4 1 1 0 0 0 0 0 0
62 4 0 0 0 0 0 0 0 0
63 4 0 0 0 0 0 0 0 0
64 4 0 0 0 0 0 0 0 0
65 4 0 0 0 0 0 0 0 0
66 4 0 0 0 0 0 0 0 0
67 4 0 0 4 1 1 0 0 0
68 4 0 0 0 0 0 0 0 0
69 4 0 0 0 0 0 0 0 0
70 4 0 0 0 0 0 0 0 0
71 4 0 0 0 0 0 0 0 0
72 4 0 0 0 0 0 0 0 0
73 4 0 0 0 0 0 0 0 0
74 4 0 0 0 0 0 0 0 0
75 4 0 0 0 0 0 0 0 0
76 4 0 0 0 0 0 0 0 0
77 4 1 1 0 0 0 0 0 0
129 4 1 1 0 0 0 0 0 0
133 4 0 0 0 0 0 0 0 0
134 4 0 0 0 0 0 0 0 0
135 4 0 0 4 0 0 0 0 0
136 4 1 1 0 0 0 0 0 0
138 4 0 0 4 0 0 0 0 0
fl=/usr/src/debug/glibc-2.33-20.fc34.x86_64/string/../sysdeps/x86_64/multiarch/../strlen.S
fn=strlen
41 28 1 1 0 0 0 0 0 0
79 28 0 0 0 0 0 0 0 0
80 28 0 0 0 0 0 0 0 0
81 28 0 0 0 0 0 0 0 0
82 28 1 1 0 0 0 0 0 0
83 28 0 0 0 0 0 0 0 0
84 28 0 0 0 0 0 0 0 0
85 28 0 0 0 0 0 0 0 0
87 28 0 0 0 0 0 0 0 0
89 28 0 0 0 0 0 0 0 0
120 28 0 0 28 1 1 0 0 0
121 28 0 0 0 0 0 0 0 0
122 28 0 0 0 0 0 0 0 0
123 28 0 0 0 0 0 0 0 0
124 28 0 0 0 0 0 0 0 0
125 13 0 0 0 0 0 0 0 0
127 13 0 0 13 0 0 0 0 0
131 15 0 0 0 0 0 0 0 0
132 15 0 0 15 0 0 0 0 0
133 15 0 0 15 1 1 0 0 0
134 15 1 1 15 0 0 0 0 0
135 15 0 0 0 0 0 0 0 0
136 15 0 0 0 0 0 0 0 0
137 15 0 0 0 0 0 0 0 0
138 15 0 0 0 0 0 0 0 0
139 15 0 0 0 0 0 0 0 0
140 15 0 0 0 0 0 0 0 0
141 15 0 0 0 0 0 0 0 0
142 15 0 0 0 0 0 0 0 0
147 120 0 0 15 0 0 0 0 0
fl=/usr/src/debug/glibc-2.33-20.fc34.x86_64/string/../sysdeps/x86_64/multiarch/memmove-vec-unaligned-erms.S
fn=memcpy
123 27 1 1 0 0 0 0 0 0
124 27 0 0 0 0 0 0 0 0
130 41 0 0 0 0 0 0 0 0
131 41 0 0 0 0 0 0 0 0
132 26 0 0 0 0 0 0 0 0
133 26 0 0 0 0 0 0 0 0
138 19 0 0 19 1 0 0 0 0
139 19 0 0 19 0 0 0 0 0
140 19 0 0 0 0 0 19 7 7
141 19 0 0 0 0 0 19 1 1
146 19 0 0 19 0 0 0 0 0
287 15 1 1 0 0 0 0 0 0
288 15 0 0 0 0 0 0 0 0
289 7 0 0 0 0 0 0 0 0
290 7 0 0 0 0 0 0 0 0
291 4 0 0 0 0 0 0 0 0
292 4 0 0 0 0 0 0 0 0
293 2 0 0 0 0 0 0 0 0
294 1 0 0 1 1 1 0 0 0
295 1 0 0 0 0 0 1 1 1
297 2 0 0 2 0 0 0 0 0
319 8 0 0 8 0 0 0 0 0
320 8 0 0 8 0 0 0 0 0
321 8 0 0 0 0 0 8 4 4
322 8 0 0 0 0 0 8 0 0
323 8 0 0 8 0 0 0 0 0
326 3 0 0 3 0 0 0 0 0
327 3 0 0 3 0 0 0 0 0
328 3 0 0 0 0 0 3 0 0
329 3 0 0 0 0 0 3 0 0
330 3 0 0 3 0 0 0 0 0
333 2 0 0 2 1 1 0 0 0
334 2 1 1 2 0 0 0 0 0
335 2 0 0 0 0 0 2 1 1
336 2 0 0 0 0 0 2 0 0
337 2 0 0 2 0 0 0 0 0
347 7 0 0 0 0 0 0 0 0
348 7 0 0 0 0 0 0 0 0
349 7 0 0 0 0 0 0 0 0
350 7 0 0 0 0 0 0 0 0
372 7 1 1 7 0 0 0 0 0
373 7 0 0 7 0 0 0 0 0
374 7 0 0 7 0 0 0 0 0
375 7 0 0 7 0 0 0 0 0
376 7 0 0 0 0 0 7 2 2
377 7 0 0 0 0 0 7 2 2
378 7 0 0 0 0 0 7 1 1
379 7 1 1 0 0 0 7 0 0
381 7 0 0 7 0 0 0 0 0
fn=mempcpy
110 14 0 0 0 0 0 0 0 0
111 14 0 0 0 0 0 0 0 0
112 14 0 0 0 0 0 0 0 0
113 14 0 0 0 0 0 0 0 0
fl=/usr/src/debug/glibc-2.33-20.fc34.x86_64/string/../sysdeps/x86_64/multiarch/memset-vec-unaligned-erms.S
fn=memset
98 21 2 1 0 0 0 0 0 0
99 105 0 0 0 0 0 0 0 0
105 21 0 0 0 0 0 0 0 0
106 21 0 0 0 0 0 0 0 0
107 7 0 0 0 0 0 0 0 0
108 7 0 0 0 0 0 0 0 0
110 1 0 0 0 0 0 1 1 1
111 1 0 0 0 0 0 1 0 0
113 1 0 0 1 0 0 0 0 0
178 6 1 1 0 0 0 0 0 0
179 6 0 0 0 0 0 0 0 0
180 2 0 0 0 0 0 2 0 0
181 2 0 0 0 0 0 2 1 1
182 2 0 0 0 0 0 2 0 0
183 2 0 0 0 0 0 2 0 0
186 2 0 0 2 0 0 0 0 0
189 4 0 0 0 0 0 0 0 0
190 4 0 0 0 0 0 4 3 3
191 4 0 0 0 0 0 0 0 0
192 4 0 0 0 0 0 4 3 3
193 4 0 0 0 0 0 4 3 3
194 4 0 0 0 0 0 4 0 0
195 4 0 0 0 0 0 4 0 0
196 4 0 0 0 0 0 4 0 0
197 4 0 0 0 0 0 4 1 1
198 4 0 0 0 0 0 4 0 0
199 4 0 0 0 0 0 0 0 0
200 4 0 0 0 0 0 0 0 0
201 4 0 0 0 0 0 0 0 0
202 4 0 0 0 0 0 0 0 0
204 111 0 0 0 0 0 111 104 104
205 111 0 0 0 0 0 111 0 0
206 111 0 0 0 0 0 111 0 0
207 111 0 0 0 0 0 111 0 0
208 111 0 0 0 0 0 0 0 0
209 111 0 0 0 0 0 0 0 0
210 111 0 0 0 0 0 0 0 0
211 4 0 0 4 0 0 0 0 0
226 14 2 1 0 0 0 0 0 0
227 14 0 0 0 0 0 0 0 0
228 14 0 0 0 0 0 0 0 0
229 6 0 0 0 0 0 0 0 0
230 6 0 0 0 0 0 0 0 0
231 2 0 0 0 0 0 0 0 0
232 2 0 0 0 0 0 0 0 0
256 8 0 0 0 0 0 8 2 2
257 8 0 0 0 0 0 8 0 0
259 8 0 0 8 0 0 0 0 0
262 4 0 0 0 0 0 4 0 0
263 4 0 0 0 0 0 4 0 0
265 4 0 0 4 0 0 0 0 0
268 2 0 0 0 0 0 2 0 0
269 2 0 0 0 0 0 2 0 0
271 2 0 0 2 0 0 0 0 0
fl=/usr/src/debug/glibc-2.33-20.fc34.x86_64/string/../sysdeps/x86_64/strcmp.S
fn=strcmp
111 2532 2 1 0 0 0 0 0 0
144 2532 0 0 0 0 0 0 0 0
145 2532 0 0 0 0 0 0 0 0
147 2532 0 0 0 0 0 0 0 0
148 2532 0 0 0 0 0 0 0 0
169 2532 0 0 0 0 0 0 0 0
170 2532 0 0 0 0 0 0 0 0
171 1344 0 0 0 0 0 0 0 0
172 1344 0 0 0 0 0 0 0 0
173 1256 0 0 1256 78 28 0 0 0
174 1256 0 0 1256 13 7 0 0 0
175 1256 0 0 1256 0 0 0 0 0
176 1256 0 0 1256 0 0 0 0 0
197 1256 0 0 0 0 0 0 0 0
198 1256 1 1 0 0 0 0 0 0
199 1256 0 0 0 0 0 0 0 0
200 1256 0 0 0 0 0 0 0 0
201 1256 0 0 0 0 0 0 0 0
202 1256 0 0 0 0 0 0 0 0
203 1256 0 0 0 0 0 0 0 0
208 44 0 0 0 0 0 0 0 0
209 132 0 0 0 0 0 0 0 0
218 1320 1 0 0 0 0 0 0 0
219 1320 0 0 0 0 0 0 0 0
220 1320 0 0 0 0 0 0 0 0
221 1320 0 0 0 0 0 0 0 0
222 1320 2 1 0 0 0 0 0 0
223 1320 0 0 0 0 0 0 0 0
224 1320 0 0 0 0 0 0 0 0
225 1320 0 0 0 0 0 0 0 0
226 136 0 0 0 0 0 0 0 0
227 78 0 0 0 0 0 0 0 0
228 78 0 0 0 0 0 0 0 0
229 78 0 0 0 0 0 0 0 0
231 136 0 0 0 0 0 0 0 0
232 136 0 0 0 0 0 0 0 0
233 136 0 0 0 0 0 0 0 0
234 136 0 0 136 9 2 0 0 0
235 136 0 0 0 0 0 0 0 0
236 136 0 0 0 0 0 0 0 0
246 1184 0 0 1184 12 3 0 0 0
247 1184 0 0 0 0 0 0 0 0
248 1184 0 0 0 0 0 0 0 0
250 1184 0 0 1184 1 0 0 0 0
256 1184 1 1 0 0 0 0 0 0
257 1184 0 0 0 0 0 0 0 0
258 1184 0 0 0 0 0 0 0 0
259 1184 0 0 0 0 0 0 0 0
260 1184 0 0 0 0 0 0 0 0
265 1184 0 0 0 0 0 0 0 0
267 1178 0 0 0 0 0 0 0 0
268 1178 0 0 0 0 0 0 0 0
269 2356 0 0 0 0 0 0 0 0
277 1197 0 0 1197 7 0 0 0 0
278 1197 0 0 1197 0 0 0 0 0
281 1197 0 0 0 0 0 0 0 0
282 1197 1 1 0 0 0 0 0 0
283 1197 0 0 0 0 0 0 0 0
284 1197 0 0 0 0 0 0 0 0
285 1197 0 0 0 0 0 0 0 0
286 1197 0 0 0 0 0 0 0 0
292 30 0 0 0 0 0 0 0 0
293 30 0 0 30 0 0 0 0 0
294 30 0 0 30 0 0 0 0 0
297 30 0 0 0 0 0 0 0 0
298 30 0 0 0 0 0 0 0 0
299 30 0 0 0 0 0 0 0 0
300 30 0 0 0 0 0 0 0 0
301 30 0 0 0 0 0 0 0 0
302 30 0 0 0 0 0 0 0 0
307 19 1 1 0 0 0 0 0 0
308 19 0 0 0 0 0 0 0 0
317 1 0 0 0 0 0 0 0 0
318 1 0 0 1 0 0 0 0 0
319 1 0 0 1 0 0 0 0 0
320 1 0 0 0 0 0 0 0 0
321 1 0 0 0 0 0 0 0 0
323 1 0 0 0 0 0 0 0 0
324 1 0 0 0 0 0 0 0 0
325 1 0 0 0 0 0 0 0 0
326 1 0 0 0 0 0 0 0 0
327 1 0 0 0 0 0 0 0 0
328 1 0 0 0 0 0 0 0 0
329 1 0 0 0 0 0 0 0 0
447 10 1 1 0 0 0 0 0 0
448 10 0 0 10 0 0 0 0 0
449 10 0 0 10 0 0 0 0 0
450 10 0 0 0 0 0 0 0 0
451 10 0 0 0 0 0 0 0 0
453 10 0 0 0 0 0 0 0 0
454 10 0 0 0 0 0 0 0 0
455 10 0 0 0 0 0 0 0 0
456 10 0 0 0 0 0 0 0 0
457 10 0 0 0 0 0 0 0 0
458 10 0 0 0 0 0 0 0 0
459 10 0 0 0 0 0 0 0 0
696 2 1 1 0 0 0 0 0 0
697 2 0 0 2 1 1 0 0 0
698 2 0 0 2 0 0 0 0 0
699 2 0 0 0 0 0 0 0 0
700 2 0 0 0 0 0 0 0 0
702 2 0 0 0 0 0 0 0 0
703 2 0 0 0 0 0 0 0 0
704 2 0 0 0 0 0 0 0 0
705 2 0 0 0 0 0 0 0 0
706 2 0 0 0 0 0 0 0 0
707 2 0 0 0 0 0 0 0 0
708 2 0 0 0 0 0 0 0 0
709 2 1 1 2 0 0 0 0 0
713 2 0 0 0 0 0 0 0 0
714 2 0 0 0 0 0 0 0 0
715 2 0 0 0 0 0 0 0 0
721 2 0 0 0 0 0 0 0 0
722 2 0 0 0 0 0 0 0 0
723 4 0 0 0 0 0 0 0 0
727 2 0 0 0 0 0 0 0 0
728 2 0 0 0 0 0 0 0 0
731 2 0 0 2 2 2 0 0 0
732 2 1 1 2 1 1 0 0 0
733 2 0 0 0 0 0 0 0 0
736 2 0 0 0 0 0 0 0 0
737 2 0 0 0 0 0 0 0 0
738 2 0 0 0 0 0 0 0 0
744 2 0 0 0 0 0 0 0 0
745 2 0 0 0 0 0 0 0 0
746 2 0 0 0 0 0 0 0 0
747 2 0 0 0 0 0 0 0 0
748 2 0 0 0 0 0 0 0 0
749 2 0 0 0 0 0 0 0 0
1071 5 2 1 0 0 0 0 0 0
1072 5 0 0 5 0 0 0 0 0
1073 5 0 0 5 2 0 0 0 0
1074 5 0 0 0 0 0 0 0 0
1075 5 0 0 0 0 0 0 0 0
1077 5 0 0 0 0 0 0 0 0
1078 5 0 0 0 0 0 0 0 0
1079 5 0 0 0 0 0 0 0 0
1080 5 0 0 0 0 0 0 0 0
1081 5 0 0 0 0 0 0 0 0
1082 5 0 0 0 0 0 0 0 0
1083 5 0 0 0 0 0 0 0 0
1084 3 2 1 3 0 0 0 0 0
1088 3 0 0 0 0 0 0 0 0
1089 3 0 0 0 0 0 0 0 0
1090 3 0 0 0 0 0 0 0 0
1096 3 0 0 0 0 0 0 0 0
1097 3 0 0 0 0 0 0 0 0
1098 6 0 0 0 0 0 0 0 0
1102 3 0 0 0 0 0 0 0 0
1103 3 0 0 0 0 0 0 0 0
1106 3 0 0 3 2 0 0 0 0
1107 3 2 1 3 0 0 0 0 0
1108 3 0 0 0 0 0 0 0 0
1111 3 0 0 0 0 0 0 0 0
1112 3 0 0 0 0 0 0 0 0
1113 3 0 0 0 0 0 0 0 0
1119 3 0 0 0 0 0 0 0 0
1120 3 0 0 0 0 0 0 0 0
1121 3 0 0 0 0 0 0 0 0
1122 3 0 0 0 0 0 0 0 0
1123 3 0 0 0 0 0 0 0 0
1124 3 0 0 0 0 0 0 0 0
1196 5 1 1 0 0 0 0 0 0
1197 5 0 0 5 0 0 0 0 0
1198 5 0 0 5 1 0 0 0 0
1199 5 0 0 0 0 0 0 0 0
1200 5 0 0 0 0 0 0 0 0
1202 5 0 0 0 0 0 0 0 0
1203 5 0 0 0 0 0 0 0 0
1204 5 0 0 0 0 0 0 0 0
1205 5 0 0 0 0 0 0 0 0
1206 5 0 0 0 0 0 0 0 0
1207 5 0 0 0 0 0 0 0 0
1208 5 0 0 0 0 0 0 0 0
1209 1 1 1 1 0 0 0 0 0
1213 1 0 0 0 0 0 0 0 0
1214 1 0 0 0 0 0 0 0 0
1215 1 0 0 0 0 0 0 0 0
1221 1 0 0 0 0 0 0 0 0
1222 1 0 0 0 0 0 0 0 0
1223 2 0 0 0 0 0 0 0 0
1227 1 0 0 0 0 0 0 0 0
1228 1 0 0 0 0 0 0 0 0
1231 1 0 0 1 1 1 0 0 0
1232 1 1 1 1 0 0 0 0 0
1233 1 0 0 0 0 0 0 0 0
1236 1 0 0 0 0 0 0 0 0
1237 1 0 0 0 0 0 0 0 0
1238 1 0 0 0 0 0 0 0 0
1244 1 0 0 0 0 0 0 0 0
1245 1 0 0 0 0 0 0 0 0
1246 1 0 0 0 0 0 0 0 0
1247 1 0 0 0 0 0 0 0 0
1248 1 0 0 0 0 0 0 0 0
1249 1 0 0 0 0 0 0 0 0
1321 9 1 1 0 0 0 0 0 0
1322 9 0 0 9 0 0 0 0 0
1323 9 0 0 9 1 1 0 0 0
1324 9 0 0 0 0 0 0 0 0
1325 9 0 0 0 0 0 0 0 0
1327 9 0 0 0 0 0 0 0 0
1328 9 0 0 0 0 0 0 0 0
1329 9 0 0 0 0 0 0 0 0
1330 9 0 0 0 0 0 0 0 0
1331 9 0 0 0 0 0 0 0 0
1332 9 0 0 0 0 0 0 0 0
1333 9 0 0 0 0 0 0 0 0
1334 3 1 1 3 0 0 0 0 0
1338 3 0 0 0 0 0 0 0 0
1339 3 0 0 0 0 0 0 0 0
1340 3 0 0 0 0 0 0 0 0
1346 3 0 0 0 0 0 0 0 0
1347 3 0 0 0 0 0 0 0 0
1348 6 0 0 0 0 0 0 0 0
1352 3 0 0 0 0 0 0 0 0
1353 3 0 0 0 0 0 0 0 0
1356 3 0 0 3 2 1 0 0 0
1357 3 1 1 3 1 1 0 0 0
1358 3 0 0 0 0 0 0 0 0
1361 3 0 0 0 0 0 0 0 0
1362 3 0 0 0 0 0 0 0 0
1363 3 0 0 0 0 0 0 0 0
1369 3 0 0 0 0 0 0 0 0
1370 3 0 0 0 0 0 0 0 0
1371 3 0 0 0 0 0 0 0 0
1372 3 0 0 0 0 0 0 0 0
1373 3 0 0 0 0 0 0 0 0
1374 3 0 0 0 0 0 0 0 0
1381 1 0 0 0 0 0 0 0 0
1382 1 0 0 0 0 0 0 0 0
1384 1 0 0 0 0 0 0 0 0
1385 1 0 0 0 0 0 0 0 0
1387 1 1 1 1 0 0 0 0 0
1388 1 0 0 1 0 0 0 0 0
1389 1 0 0 0 0 0 0 0 0
1392 1 0 0 0 0 0 0 0 0
1393 1 0 0 0 0 0 0 0 0
1394 1 0 0 0 0 0 0 0 0
1400 1 0 0 0 0 0 0 0 0
1401 1 0 0 0 0 0 0 0 0
1402 1 0 0 0 0 0 0 0 0
1403 1 0 0 0 0 0 0 0 0
1404 1 0 0 0 0 0 0 0 0
1405 1 0 0 0 0 0 0 0 0
1446 20 1 1 0 0 0 0 0 0
1447 20 0 0 20 0 0 0 0 0
1448 20 0 0 20 2 2 0 0 0
1449 20 0 0 0 0 0 0 0 0
1450 20 0 0 0 0 0 0 0 0
1452 20 0 0 0 0 0 0 0 0
1453 20 0 0 0 0 0 0 0 0
1454 20 0 0 0 0 0 0 0 0
1455 20 0 0 0 0 0 0 0 0
1456 20 0 0 0 0 0 0 0 0
1457 20 0 0 0 0 0 0 0 0
1458 20 0 0 0 0 0 0 0 0
1459 10 2 1 10 0 0 0 0 0
1463 10 0 0 0 0 0 0 0 0
1464 10 0 0 0 0 0 0 0 0
1465 10 0 0 0 0 0 0 0 0
1471 10 0 0 0 0 0 0 0 0
1472 10 0 0 0 0 0 0 0 0
1473 20 0 0 0 0 0 0 0 0
1477 10 0 0 0 0 0 0 0 0
1478 10 0 0 0 0 0 0 0 0
1481 10 0 0 10 1 1 0 0 0
1482 10 1 1 10 0 0 0 0 0
1483 10 0 0 0 0 0 0 0 0
1486 10 0 0 0 0 0 0 0 0
1487 10 0 0 0 0 0 0 0 0
1488 10 0 0 0 0 0 0 0 0
1494 10 0 0 0 0 0 0 0 0
1495 10 0 0 0 0 0 0 0 0
1496 10 0 0 0 0 0 0 0 0
1497 10 0 0 0 0 0 0 0 0
1498 10 0 0 0 0 0 0 0 0
1499 10 0 0 0 0 0 0 0 0
1571 14 1 1 0 0 0 0 0 0
1572 14 0 0 14 1 1 0 0 0
1573 14 0 0 14 2 1 0 0 0
1574 14 0 0 0 0 0 0 0 0
1575 14 0 0 0 0 0 0 0 0
1577 14 0 0 0 0 0 0 0 0
1578 14 0 0 0 0 0 0 0 0
1579 14 0 0 0 0 0 0 0 0
1580 14 0 0 0 0 0 0 0 0
1581 14 0 0 0 0 0 0 0 0
1582 14 0 0 0 0 0 0 0 0
1583 14 0 0 0 0 0 0 0 0
1584 4 1 1 4 0 0 0 0 0
1588 4 0 0 0 0 0 0 0 0
1589 4 0 0 0 0 0 0 0 0
1590 4 0 0 0 0 0 0 0 0
1596 4 0 0 0 0 0 0 0 0
1597 4 0 0 0 0 0 0 0 0
1598 8 0 0 0 0 0 0 0 0
1602 4 0 0 0 0 0 0 0 0
1603 4 0 0 0 0 0 0 0 0
1606 4 0 0 4 0 0 0 0 0
1607 4 1 1 4 2 2 0 0 0
1608 4 0 0 0 0 0 0 0 0
1611 4 0 0 0 0 0 0 0 0
1612 4 0 0 0 0 0 0 0 0
1613 4 0 0 0 0 0 0 0 0
1619 4 0 0 0 0 0 0 0 0
1620 4 0 0 0 0 0 0 0 0
1621 4 0 0 0 0 0 0 0 0
1622 4 0 0 0 0 0 0 0 0
1623 4 0 0 0 0 0 0 0 0
1624 4 0 0 0 0 0 0 0 0
1696 23 2 1 0 0 0 0 0 0
1697 23 0 0 23 2 0 0 0 0
1698 23 0 0 23 2 1 0 0 0
1699 23 0 0 0 0 0 0 0 0
1700 23 0 0 0 0 0 0 0 0
1702 23 0 0 0 0 0 0 0 0
1703 23 0 0 0 0 0 0 0 0
1704 23 0 0 0 0 0 0 0 0
1705 23 0 0 0 0 0 0 0 0
1706 23 0 0 0 0 0 0 0 0
1707 23 0 0 0 0 0 0 0 0
1708 23 0 0 0 0 0 0 0 0
1709 6 2 1 6 0 0 0 0 0
1713 6 0 0 0 0 0 0 0 0
1714 6 0 0 0 0 0 0 0 0
1715 6 0 0 0 0 0 0 0 0
1721 6 0 0 0 0 0 0 0 0
1722 6 0 0 0 0 0 0 0 0
1723 12 0 0 0 0 0 0 0 0
1727 6 0 0 0 0 0 0 0 0
1728 6 0 0 0 0 0 0 0 0
1731 6 0 0 6 0 0 0 0 0
1732 6 2 1 6 1 1 0 0 0
1733 6 0 0 0 0 0 0 0 0
1736 6 0 0 0 0 0 0 0 0
1737 6 0 0 0 0 0 0 0 0
1738 6 0 0 0 0 0 0 0 0
1744 6 0 0 0 0 0 0 0 0
1745 6 0 0 0 0 0 0 0 0
1746 6 0 0 0 0 0 0 0 0
1747 6 0 0 0 0 0 0 0 0
1748 6 0 0 0 0 0 0 0 0
1749 6 0 0 0 0 0 0 0 0
1821 23 2 1 0 0 0 0 0 0
1822 23 0 0 23 2 0 0 0 0
1823 23 0 0 23 1 0 0 0 0
1824 23 0 0 0 0 0 0 0 0
1825 23 0 0 0 0 0 0 0 0
1827 23 0 0 0 0 0 0 0 0
1828 23 0 0 0 0 0 0 0 0
1829 23 0 0 0 0 0 0 0 0
1830 23 0 0 0 0 0 0 0 0
1831 23 0 0 0 0 0 0 0 0
1832 23 0 0 0 0 0 0 0 0
1833 23 0 0 0 0 0 0 0 0
1834 5 1 1 5 0 0 0 0 0
1838 5 0 0 0 0 0 0 0 0
1839 5 0 0 0 0 0 0 0 0
1840 5 0 0 0 0 0 0 0 0
1846 5 0 0 0 0 0 0 0 0
1847 5 0 0 0 0 0 0 0 0
1848 10 0 0 0 0 0 0 0 0
1852 5 0 0 0 0 0 0 0 0
1853 5 0 0 0 0 0 0 0 0
1856 5 0 0 5 0 0 0 0 0
1857 5 1 1 5 2 0 0 0 0
1858 5 0 0 0 0 0 0 0 0
1861 5 0 0 0 0 0 0 0 0
1862 5 0 0 0 0 0 0 0 0
1863 5 0 0 0 0 0 0 0 0
1869 5 0 0 0 0 0 0 0 0
1870 5 0 0 0 0 0 0 0 0
1871 5 0 0 0 0 0 0 0 0
1872 5 0 0 0 0 0 0 0 0
1873 5 0 0 0 0 0 0 0 0
1874 5 0 0 0 0 0 0 0 0
1946 9 2 1 0 0 0 0 0 0
1947 9 0 0 9 3 2 0 0 0
1948 9 0 0 9 2 1 0 0 0
1949 9 0 0 0 0 0 0 0 0
1950 9 0 0 0 0 0 0 0 0
1952 9 0 0 0 0 0 0 0 0
1953 9 0 0 0 0 0 0 0 0
1954 9 0 0 0 0 0 0 0 0
1955 9 0 0 0 0 0 0 0 0
1956 9 0 0 0 0 0 0 0 0
1957 9 0 0 0 0 0 0 0 0
1958 9 0 0 0 0 0 0 0 0
1959 5 1 1 5 0 0 0 0 0
1963 5 0 0 0 0 0 0 0 0
1964 5 0 0 0 0 0 0 0 0
1965 5 0 0 0 0 0 0 0 0
1971 5 0 0 0 0 0 0 0 0
1972 5 0 0 0 0 0 0 0 0
1973 10 0 0 0 0 0 0 0 0
1977 5 0 0 0 0 0 0 0 0
1978 5 0 0 0 0 0 0 0 0
1981 5 0 0 5 2 1 0 0 0
1982 5 2 1 5 1 1 0 0 0
1983 5 0 0 0 0 0 0 0 0
1986 5 0 0 0 0 0 0 0 0
1987 5 0 0 0 0 0 0 0 0
1988 5 0 0 0 0 0 0 0 0
1994 5 0 0 0 0 0 0 0 0
1995 5 0 0 0 0 0 0 0 0
1996 5 0 0 0 0 0 0 0 0
1997 5 0 0 0 0 0 0 0 0
1998 5 0 0 0 0 0 0 0 0
1999 5 0 0 0 0 0 0 0 0
2071 15 2 1 0 0 0 0 0 0
2072 15 0 0 15 5 1 0 0 0
2073 15 0 0 15 1 0 0 0 0
2074 15 0 0 0 0 0 0 0 0
2075 15 0 0 0 0 0 0 0 0
2077 15 0 0 0 0 0 0 0 0
2078 15 0 0 0 0 0 0 0 0
2079 15 0 0 0 0 0 0 0 0
2080 15 0 0 0 0 0 0 0 0
2081 15 0 0 0 0 0 0 0 0
2082 15 0 0 0 0 0 0 0 0
2083 15 0 0 0 0 0 0 0 0
2085 4 1 1 4 0 0 0 0 0
2089 4 0 0 0 0 0 0 0 0
2090 4 0 0 0 0 0 0 0 0
2091 4 0 0 0 0 0 0 0 0
2097 4 0 0 0 0 0 0 0 0
2098 4 0 0 0 0 0 0 0 0
2100 8 0 0 0 0 0 0 0 0
2104 4 0 0 0 0 0 0 0 0
2105 4 0 0 0 0 0 0 0 0
2108 4 0 0 4 0 0 0 0 0
2109 4 1 1 4 2 1 0 0 0
2110 4 0 0 0 0 0 0 0 0
2113 4 0 0 0 0 0 0 0 0
2114 4 0 0 0 0 0 0 0 0
2115 4 0 0 0 0 0 0 0 0
2121 4 0 0 0 0 0 0 0 0
2122 4 0 0 0 0 0 0 0 0
2123 4 0 0 0 0 0 0 0 0
2124 4 0 0 0 0 0 0 0 0
2125 4 0 0 0 0 0 0 0 0
2126 4 0 0 0 0 0 0 0 0
2200 1221 0 0 0 0 0 0 0 0
2202 1320 0 0 0 0 0 0 0 0
2203 1320 0 0 0 0 0 0 0 0
2204 1320 0 0 0 0 0 0 0 0
2205 1320 0 0 0 0 0 0 0 0
2206 156 0 0 0 0 0 0 0 0
2211 2532 1 1 0 0 0 0 0 0
2217 2532 0 0 2532 0 0 0 0 0
2218 2532 0 0 2532 0 0 0 0 0
2226 2532 0 0 0 0 0 0 0 0
2227 2532 0 0 2532 0 0 0 0 0
fl=/usr/src/debug/glibc-2.33-20.fc34.x86_64/string/../sysdeps/x86_64/strcspn.S
fn=strcspn
28 1 1 1 0 0 0 0 0 0
30 1 0 0 0 0 0 0 0 0
37 1 0 0 0 0 0 0 0 0
38 1 0 0 0 0 0 0 0 0
40 1 0 0 0 0 0 0 0 0
41 1 0 0 0 0 0 0 0 0
42 1 0 0 0 0 0 0 0 0
43 1 0 0 0 0 0 0 0 0
44 33 0 0 0 0 0 32 4 4
47 3 1 1 0 0 0 0 0 0
54 1 0 0 1 1 1 0 0 0
55 1 0 0 0 0 0 0 0 0
56 1 0 0 0 0 0 0 0 0
57 1 0 0 0 0 0 1 0 0
59 1 0 0 1 1 1 0 0 0
60 1 0 0 0 0 0 0 0 0
61 1 0 0 0 0 0 0 0 0
62 1 0 0 0 0 0 1 0 0
64 1 0 0 1 0 0 0 0 0
65 1 0 0 0 0 0 0 0 0
66 1 0 0 0 0 0 0 0 0
75 3 1 1 0 0 0 0 0 0
87 13 0 0 0 0 0 0 0 0
89 13 0 0 13 0 0 0 0 0
90 13 0 0 13 0 0 0 0 0
91 13 0 0 0 0 0 0 0 0
93 13 0 0 13 0 0 0 0 0
94 13 0 0 13 0 0 0 0 0
95 13 0 0 0 0 0 0 0 0
97 13 0 0 13 1 1 0 0 0
98 13 0 0 13 0 0 0 0 0
99 13 0 0 0 0 0 0 0 0
101 13 0 0 13 0 0 0 0 0
102 13 0 0 13 0 0 0 0 0
103 13 0 0 0 0 0 0 0 0
105 1 0 0 0 0 0 0 0 0
106 1 0 0 0 0 0 0 0 0
107 1 0 0 0 0 0 0 0 0
109 1 0 0 0 0 0 0 0 0
116 1 0 0 0 0 0 0 0 0
120 1 0 0 1 0 0 0 0 0
fl=/usr/src/debug/glibc-2.33-20.fc34.x86_64/string/strdup.c
fn=strdup
40 25 1 1 0 0 0 10 0 0
41 10 0 0 0 0 0 5 0 0
44 10 0 0 0 0 0 0 0 0
47 20 0 0 0 0 0 0 0 0
48 15 0 0 10 0 0 0 0 0
fl=???
fn=(below main)
0 66 5 5 17 4 0 20 0 0
fn=???
0 21971 137 131 13188 92 7 230 15 6
fn=_Exit
0 7 2 2 1 0 0 0 0 0
fn=_IO_cleanup
0 91 8 8 28 0 0 17 0 0
fn=_IO_default_finish
0 96 2 2 36 0 0 6 0 0
fn=_IO_default_xsputn
0 49368 4 4 10708 8 0 9638 1 1
fn=_IO_do_write@@GLIBC_2.2.5
0 12634 1 1 2106 0 0 2104 0 0
fn=_IO_doallocbuf
0 156 3 3 48 0 0 24 0 0
fn=_IO_file_close
0 18 1 1 6 0 0 0 0 0
fn=_IO_file_close_it@@GLIBC_2.2.5
0 348 6 6 66 3 0 98 0 0
fn=_IO_file_doallocate
0 306 4 4 72 3 0 42 3 0
fn=_IO_file_finish@@GLIBC_2.2.5
0 78 3 3 18 0 0 12 0 0
fn=_IO_file_fopen@@GLIBC_2.2.5
0 464 7 7 90 6 2 54 0 0
fn=_IO_file_open
0 198 3 3 36 0 0 42 0 0
fn=_IO_file_overflow@@GLIBC_2.2.5
0 25300 5 5 7372 0 0 3176 0 0
fn=_IO_file_read
0 19398 1 1 6466 0 0 0 0 0
fn=_IO_file_stat
0 18 1 1 6 0 0 0 0 0
fn=_IO_file_underflow@@GLIBC_2.2.5
0 109140 6 6 34561 1 0 25466 0 0
fn=_IO_file_write@@GLIBC_2.2.5
0 73186 2 2 15824 0 0 9890 0 0
fn=_IO_file_xsgetn
0 188495 10 9 45925 1 0 28120 0 0
fn=_IO_file_xsputn@@GLIBC_2.2.5
0 91636 7 7 14748 1 0 11458 0 0
fn=_IO_flush_all_lockp
0 111 10 10 32 9 4 19 0 0
fn=_IO_link_in
0 642 8 8 246 4 1 144 0 0
fn=_IO_new_file_init_internal
0 54 1 1 18 0 0 24 0 0
fn=_IO_no_init
0 204 4 4 30 0 0 120 11 6
fn=_IO_old_init
0 180 3 3 18 2 1 108 8 6
fn=_IO_setb
0 366 1 1 90 0 0 90 1 0
fn=_IO_sgetn
0 27345 2 2 5469 2 0 1823 0 0
fn=_IO_switch_to_get_mode
0 45475 3 3 14552 0 0 12733 0 0
fn=_IO_un_link
0 48 0 0 18 0 0 0 0 0
fn=_IO_unsave_markers
0 60 2 2 24 1 0 6 0 0
fn=__GI__IO_un_link.part.0
0 582 10 10 196 11 0 108 0 0
fn=__GI_strstr
0 204 4 4 66 3 1 48 2 0
fn=__acos_finite
0 8 2 2 4 0 0 0 0 0
fn=__asin_finite
0 8 1 1 4 0 0 0 0 0
fn=__atan2_finite
0 9 2 2 4 0 0 0 0 0
fn=__call_tls_dtors
0 12 2 2 5 1 0 2 0 0
fn=__close_nocancel
0 36 1 1 6 0 0 0 0 0
fn=__cpu_indicator_init
0 77 8 8 7 1 0 8 0 0
fn=__ctype_init
0 17 2 2 10 6 0 3 0 0
fn=__cxa_atexit
0 27 1 1 0 0 0 0 0 0
fn=__cxa_finalize
0 633 7 6 180 4 0 44 0 0
fn=__cxa_guard_acquire
0 21 3 3 7 1 0 3 0 0
fn=__cxa_guard_release
0 6 1 1 3 0 0 1 0 0
fn=__default_morecore
0 80 1 1 10 0 0 10 0 0
fn=__exp_finite
0 9 2 2 4 0 0 0 0 0
fn=__fopen_internal
0 258 4 4 42 0 0 66 4 3
fn=__init_misc
0 25 2 2 7 0 0 5 1 0
fn=__internal_atexit
0 360 3 3 99 1 0 90 5 0
fn=__libc_csu_init
0 34 2 2 8 1 0 8 0 0
fn=__libc_early_init
0 9 1 1 3 0 0 4 2 2
fn=__log_finite
0 9 2 2 4 0 0 0 0 0
fn=__memcpy_avx_unaligned_erms
0 427900 15 13 119274 8352 30 103879 8880 32
fn=__mempcpy_avx_unaligned_erms
0 15604 1 1 0 0 0 0 0 0
fn=__memset_avx2_erms
0 4207 1 1 1 0 0 4200 64 64
fn=__memset_avx2_unaligned_erms
0 132310 4 4 2101 1 0 67200 15386 15357
fn=__new_exitfn
0 320 4 4 72 2 0 37 0 0
fn=__pow_finite
0 8 1 1 4 0 0 0 0 0
fn=__run_exit_handlers
0 314 8 8 89 5 0 23 1 0
fn=__sigjmp_save
0 9 0 0 2 0 0 2 0 0
fn=__sigsetjmp
0 22 3 3 5 1 0 8 0 0
fn=__strchr_avx2
0 132 3 3 18 0 0 0 0 0
fn=__strrchr_avx2
0 28 4 4 2 1 0 0 0 0
fn=__underflow
0 65480 4 4 20009 3 0 3642 0 0
fn=__unregister_atfork
0 68 3 3 28 1 1 4 0 0
fn=__x86_cacheinfo
0 34 4 4 7 1 0 11 3 3
fn=_init_first
0 19 2 2 7 4 1 4 2 1
fn=_int_free
0 66963 19 19 19109 549 0 9117 2 0
fn=_int_malloc
0 78247 34 34 11898 11 0 13502 532 526
fn=_setjmp
0 3 1 1 0 0 0 0 0 0
fn=alloc_perturb
0 2140 1 1 1070 0 0 0 0 0
fn=bcmp
0 14 2 2 5 0 0 0 0 0
fn=brk
0 90 1 1 20 0 0 10 0 0
fn=check_stdfiles_vtables
0 12 2 2 7 4 0 0 0 0
fn=cos
0 9 2 2 4 0 0 0 0 0
fn=cosf
0 9 2 2 4 0 0 0 0 0
fn=exit
0 8 1 1 1 0 0 2 0 0
fn=exp2f
0 9 2 2 4 0 0 0 0 0
fn=expf
0 9 2 2 4 0 0 0 0 0
fn=fclose@@GLIBC_2.2.5
0 462 8 8 156 7 0 54 0 0
fn=fopen@@GLIBC_2.2.5
0 18 1 1 0 0 0 0 0 0
fn=fread
0 111203 5 5 36460 3 0 18230 0 0
fn=free
0 15689 3 3 5410 14 0 2164 0 0
fn=fstat
0 42 1 1 0 0 0 0 0 0
fn=fstatat
0 48 1 1 6 0 0 0 0 0
fn=fwrite
0 79048 5 5 24242 3 0 9488 0 0
fn=index
0 11 1 1 4 0 0 0 0 0
fn=log2f
0 9 2 2 4 0 0 0 0 0
fn=logf
0 9 1 1 4 0 0 0 0 0
fn=main
0 13 0 0 2 0 0 3 0 0
fn=malloc
0 24465 8 7 5993 10 0 2188 0 0
fn=malloc_hook_ini
0 12 2 2 3 1 1 3 0 0
fn=memchr
0 12 1 1 4 0 0 0 0 0
fn=memcpy@@GLIBC_2.14
0 18 2 2 4 0 0 0 0 0
fn=memmove
0 54 3 3 12 2 0 0 0 0
fn=mempcpy
0 18 2 2 4 0 0 0 0 0
fn=memrchr
0 12 1 1 4 0 0 0 0 0
fn=memset
0 60 4 3 12 3 0 0 0 0
fn=modifyPixel(RGB*)
0 239905 3 3 120071 956 0 35315 0 0
fn=new_do_write
0 114724 5 5 33626 1 0 25714 0 0
fn=open
0 210 4 4 44 0 0 30 2 0
fn=operator delete(void*)
0 1058 1 1 0 0 0 0 0 0
fn=operator delete[](void*)
0 1058 1 1 0 0 0 0 0 0
fn=operator new(unsigned long)
0 6360 1 1 1060 0 0 1060 0 0
fn=operator new[](unsigned long)
0 1060 1 1 0 0 0 0 0 0
fn=powf
0 9 1 1 4 0 0 0 0 0
fn=ptmalloc_init.part.0
0 713 8 8 9 2 1 274 35 34
fn=rawmemchr
0 12 2 2 4 0 0 0 0 0
fn=read
0 25864 1 1 6466 0 0 0 0 0
fn=rindex
0 12 1 1 4 0 0 0 0 0
fn=sbrk
0 249 4 4 72 24 0 40 8 0
fn=sin
0 9 1 1 4 0 0 0 0 0
fn=sincosf
0 9 2 2 4 0 0 0 0 0
fn=sinf
0 9 1 1 4 0 0 0 0 0
fn=std::_V2::error_category::~error_category()
0 6 0 0 3 0 0 0 0 0
fn=std::error_category::error_category()
0 10 1 1 4 1 0 2 0 0
fn=std::error_category::~error_category()
0 4 0 0 2 0 0 0 0 0
fn=std::future_category()
0 25 2 2 4 1 1 5 0 0
fn=steganographyDecrypt(char const*, char const*, char const*)
0 6807663 13 12 3064119 0 0 1374146 2 0
fn=steganographyEncrypt(char const*, char const*, char const*)
0 1953653 18 18 919968 230 0 104273 64 0
fn=stpcpy
0 11 2 2 4 0 0 0 0 0
fn=stpncpy
0 11 1 1 4 0 0 0 0 0
fn=strcasecmp
0 7 2 2 3 0 0 0 0 0
fn=strcasecmp_l
0 7 2 2 3 0 0 0 0 0
fn=strcat
0 11 2 2 4 0 0 0 0 0
fn=strchrnul
0 12 1 1 4 0 0 0 0 0
fn=strcmp
0 11 2 2 4 0 0 0 0 0
fn=strcpy
0 11 1 1 4 0 0 0 0 0
fn=strcspn
0 7 2 2 3 0 0 0 0 0
fn=strlen
0 12 1 1 4 0 0 0 0 0
fn=strncasecmp
0 7 1 1 3 0 0 0 0 0
fn=strncasecmp_l
0 7 1 1 3 0 0 0 0 0
fn=strncmp
0 11 1 1 4 0 0 0 0 0
fn=strncpy
0 11 2 2 4 0 0 0 0 0
fn=strnlen
0 24 2 2 8 0 0 0 0 0
fn=strpbrk
0 7 1 1 3 0 0 0 0 0
fn=strspn
0 7 2 2 3 0 0 0 0 0
fn=sysmalloc
0 1136 18 18 250 42 2 177 26 10
fn=tcache_init.part.0
0 114 4 4 9 0 0 84 9 9
fn=unlink_chunk.constprop.0
0 11160 2 2 4255 0 0 1066 0 0
fn=wcschr
0 24 1 1 8 0 0 0 0 0
fn=wcscmp
0 12 1 1 4 0 0 0 0 0
fn=wcscpy
0 7 1 1 3 0 0 0 0 0
fn=wcslen
0 12 2 2 4 0 0 0 0 0
fn=wcsnlen
0 11 2 2 4 0 0 0 0 0
fn=wmemchr
0 24 1 1 8 0 0 0 0 0
fn=wmemcmp
0 14 2 2 5 0 0 0 0 0
fn=wmemset
0 32 2 2 8 0 0 0 0 0
fn=write
0 17802 2 2 3956 0 0 0 0 0
summary: 13006097 1485 1429 5073103 23017 7419 2059753 27318 17458
